# Wavelength [micron] - Opacity [cm2/molecule]

3.003100000000000214e-01 0.000000000000000000e+00
3.007099999999999773e-01 0.000000000000000000e+00
3.011100000000000443e-01 0.000000000000000000e+00
3.015100000000000002e-01 0.000000000000000000e+00
3.019100000000000117e-01 0.000000000000000000e+00
3.023100000000000231e-01 0.000000000000000000e+00
3.027099999999999791e-01 0.000000000000000000e+00
3.031100000000000461e-01 0.000000000000000000e+00
3.035100000000000020e-01 0.000000000000000000e+00
3.039100000000000135e-01 0.000000000000000000e+00
3.043100000000000249e-01 0.000000000000000000e+00
3.047099999999999809e-01 0.000000000000000000e+00
3.051099999999999923e-01 0.000000000000000000e+00
3.055100000000000038e-01 0.000000000000000000e+00
3.059100000000000152e-01 0.000000000000000000e+00
3.063100000000000267e-01 0.000000000000000000e+00
3.067099999999999826e-01 0.000000000000000000e+00
3.071099999999999941e-01 0.000000000000000000e+00
3.075100000000000056e-01 0.000000000000000000e+00
3.079100000000000170e-01 0.000000000000000000e+00
3.083100000000000285e-01 0.000000000000000000e+00
3.087099999999999844e-01 0.000000000000000000e+00
3.091099999999999959e-01 0.000000000000000000e+00
3.095100000000000073e-01 0.000000000000000000e+00
3.099100000000000188e-01 0.000000000000000000e+00
3.103100000000000303e-01 0.000000000000000000e+00
3.107099999999999862e-01 0.000000000000000000e+00
3.111099999999999977e-01 0.000000000000000000e+00
3.115100000000000091e-01 0.000000000000000000e+00
3.119100000000000206e-01 0.000000000000000000e+00
3.123100000000000320e-01 0.000000000000000000e+00
3.127099999999999880e-01 0.000000000000000000e+00
3.131099999999999994e-01 0.000000000000000000e+00
3.135100000000000109e-01 0.000000000000000000e+00
3.139100000000000223e-01 0.000000000000000000e+00
3.143100000000000338e-01 0.000000000000000000e+00
3.147099999999999898e-01 0.000000000000000000e+00
3.151100000000000012e-01 0.000000000000000000e+00
3.155100000000000127e-01 0.000000000000000000e+00
3.159100000000000241e-01 0.000000000000000000e+00
3.163100000000000356e-01 0.000000000000000000e+00
3.166999999999999815e-01 0.000000000000000000e+00
3.171000000000000485e-01 0.000000000000000000e+00
3.175000000000000044e-01 0.000000000000000000e+00
3.178999999999999604e-01 0.000000000000000000e+00
3.183000000000000274e-01 0.000000000000000000e+00
3.186999999999999833e-01 0.000000000000000000e+00
3.191000000000000503e-01 0.000000000000000000e+00
3.195000000000000062e-01 0.000000000000000000e+00
3.198999999999999622e-01 0.000000000000000000e+00
3.203000000000000291e-01 0.000000000000000000e+00
3.206999999999999851e-01 0.000000000000000000e+00
3.211000000000000520e-01 0.000000000000000000e+00
3.215000000000000080e-01 0.000000000000000000e+00
3.218999999999999639e-01 0.000000000000000000e+00
3.223000000000000309e-01 0.000000000000000000e+00
3.226999999999999869e-01 0.000000000000000000e+00
3.231000000000000538e-01 0.000000000000000000e+00
3.235000000000000098e-01 0.000000000000000000e+00
3.238999999999999657e-01 0.000000000000000000e+00
3.243000000000000327e-01 0.000000000000000000e+00
3.246999999999999886e-01 0.000000000000000000e+00
3.251000000000000556e-01 0.000000000000000000e+00
3.255000000000000115e-01 0.000000000000000000e+00
3.258999999999999675e-01 0.000000000000000000e+00
3.263000000000000345e-01 0.000000000000000000e+00
3.266999999999999904e-01 0.000000000000000000e+00
3.271000000000000019e-01 0.000000000000000000e+00
3.275000000000000133e-01 0.000000000000000000e+00
3.278999999999999693e-01 0.000000000000000000e+00
3.283000000000000362e-01 0.000000000000000000e+00
3.286999999999999922e-01 0.000000000000000000e+00
3.291000000000000036e-01 0.000000000000000000e+00
3.295000000000000151e-01 0.000000000000000000e+00
3.298999999999999710e-01 0.000000000000000000e+00
3.303000000000000380e-01 0.000000000000000000e+00
3.306999999999999940e-01 0.000000000000000000e+00
3.311000000000000054e-01 0.000000000000000000e+00
3.315000000000000169e-01 0.000000000000000000e+00
3.318999999999999728e-01 0.000000000000000000e+00
3.323000000000000398e-01 0.000000000000000000e+00
3.326999999999999957e-01 0.000000000000000000e+00
3.331000000000000072e-01 0.000000000000000000e+00
3.335000000000000187e-01 0.000000000000000000e+00
3.338999999999999746e-01 0.000000000000000000e+00
3.343000000000000416e-01 0.000000000000000000e+00
3.346999999999999975e-01 0.000000000000000000e+00
3.351000000000000090e-01 0.000000000000000000e+00
3.355000000000000204e-01 0.000000000000000000e+00
3.358999999999999764e-01 0.000000000000000000e+00
3.363000000000000433e-01 0.000000000000000000e+00
3.366999999999999993e-01 0.000000000000000000e+00
3.371000000000000107e-01 0.000000000000000000e+00
3.375000000000000222e-01 0.000000000000000000e+00
3.378999999999999782e-01 0.000000000000000000e+00
3.383000000000000451e-01 0.000000000000000000e+00
3.387000000000000011e-01 0.000000000000000000e+00
3.391000000000000125e-01 0.000000000000000000e+00
3.395000000000000240e-01 0.000000000000000000e+00
3.398999999999999799e-01 0.000000000000000000e+00
3.402999999999999914e-01 0.000000000000000000e+00
3.407000000000000028e-01 0.000000000000000000e+00
3.411000000000000143e-01 0.000000000000000000e+00
3.415000000000000258e-01 0.000000000000000000e+00
3.418999999999999817e-01 0.000000000000000000e+00
3.422999999999999932e-01 0.000000000000000000e+00
3.427000000000000046e-01 0.000000000000000000e+00
3.431000000000000161e-01 0.000000000000000000e+00
3.435000000000000275e-01 0.000000000000000000e+00
3.438999999999999835e-01 0.000000000000000000e+00
3.442999999999999949e-01 0.000000000000000000e+00
3.447000000000000064e-01 0.000000000000000000e+00
3.451000000000000179e-01 0.000000000000000000e+00
3.455000000000000293e-01 0.000000000000000000e+00
3.458999999999999853e-01 0.000000000000000000e+00
3.462999999999999967e-01 0.000000000000000000e+00
3.467000000000000082e-01 0.000000000000000000e+00
3.471000000000000196e-01 0.000000000000000000e+00
3.475000000000000311e-01 0.000000000000000000e+00
3.478999999999999870e-01 0.000000000000000000e+00
3.482999999999999985e-01 0.000000000000000000e+00
3.487000000000000099e-01 0.000000000000000000e+00
3.491000000000000214e-01 0.000000000000000000e+00
3.495000000000000329e-01 0.000000000000000000e+00
3.498899999999999788e-01 0.000000000000000000e+00
3.502900000000000458e-01 0.000000000000000000e+00
3.506900000000000017e-01 0.000000000000000000e+00
3.510899999999999577e-01 0.000000000000000000e+00
3.514900000000000246e-01 0.000000000000000000e+00
3.518899999999999806e-01 0.000000000000000000e+00
3.522900000000000476e-01 0.000000000000000000e+00
3.526900000000000035e-01 0.000000000000000000e+00
3.530899999999999594e-01 0.000000000000000000e+00
3.534900000000000264e-01 0.000000000000000000e+00
3.538899999999999824e-01 0.000000000000000000e+00
3.542900000000000493e-01 0.000000000000000000e+00
3.546900000000000053e-01 0.000000000000000000e+00
3.550899999999999612e-01 0.000000000000000000e+00
3.554900000000000282e-01 0.000000000000000000e+00
3.558899999999999841e-01 0.000000000000000000e+00
3.562900000000000511e-01 0.000000000000000000e+00
3.566900000000000071e-01 0.000000000000000000e+00
3.570899999999999630e-01 0.000000000000000000e+00
3.574900000000000300e-01 0.000000000000000000e+00
3.578899999999999859e-01 0.000000000000000000e+00
3.582900000000000529e-01 0.000000000000000000e+00
3.586900000000000088e-01 0.000000000000000000e+00
3.590899999999999648e-01 0.000000000000000000e+00
3.594900000000000317e-01 0.000000000000000000e+00
3.598899999999999877e-01 0.000000000000000000e+00
3.602900000000000547e-01 0.000000000000000000e+00
3.606900000000000106e-01 0.000000000000000000e+00
3.610899999999999666e-01 0.000000000000000000e+00
3.614900000000000335e-01 0.000000000000000000e+00
3.618899999999999895e-01 0.000000000000000000e+00
3.622900000000000009e-01 0.000000000000000000e+00
3.626900000000000124e-01 0.000000000000000000e+00
3.630899999999999683e-01 0.000000000000000000e+00
3.634900000000000353e-01 0.000000000000000000e+00
3.638899999999999912e-01 0.000000000000000000e+00
3.642900000000000027e-01 0.000000000000000000e+00
3.646900000000000142e-01 0.000000000000000000e+00
3.650899999999999701e-01 0.000000000000000000e+00
3.654900000000000371e-01 0.000000000000000000e+00
3.658899999999999930e-01 0.000000000000000000e+00
3.662900000000000045e-01 0.000000000000000000e+00
3.666900000000000159e-01 0.000000000000000000e+00
3.670899999999999719e-01 0.000000000000000000e+00
3.674900000000000388e-01 0.000000000000000000e+00
3.678899999999999948e-01 0.000000000000000000e+00
3.682900000000000063e-01 0.000000000000000000e+00
3.686900000000000177e-01 0.000000000000000000e+00
3.690899999999999737e-01 0.000000000000000000e+00
3.694900000000000406e-01 0.000000000000000000e+00
3.698899999999999966e-01 0.000000000000000000e+00
3.702900000000000080e-01 0.000000000000000000e+00
3.706900000000000195e-01 0.000000000000000000e+00
3.710899999999999754e-01 0.000000000000000000e+00
3.714900000000000424e-01 0.000000000000000000e+00
3.718899999999999983e-01 0.000000000000000000e+00
3.722900000000000098e-01 0.000000000000000000e+00
3.726900000000000213e-01 0.000000000000000000e+00
3.730899999999999772e-01 0.000000000000000000e+00
3.734900000000000442e-01 0.000000000000000000e+00
3.738900000000000001e-01 0.000000000000000000e+00
3.742900000000000116e-01 0.000000000000000000e+00
3.746900000000000230e-01 0.000000000000000000e+00
3.750899999999999790e-01 0.000000000000000000e+00
3.754899999999999904e-01 0.000000000000000000e+00
3.758900000000000019e-01 0.000000000000000000e+00
3.762900000000000134e-01 0.000000000000000000e+00
3.766900000000000248e-01 0.000000000000000000e+00
3.770899999999999808e-01 0.000000000000000000e+00
3.774899999999999922e-01 0.000000000000000000e+00
3.778900000000000037e-01 0.000000000000000000e+00
3.782900000000000151e-01 0.000000000000000000e+00
3.786900000000000266e-01 0.000000000000000000e+00
3.790899999999999825e-01 0.000000000000000000e+00
3.794899999999999940e-01 0.000000000000000000e+00
3.798900000000000055e-01 0.000000000000000000e+00
3.802900000000000169e-01 0.000000000000000000e+00
3.806900000000000284e-01 0.000000000000000000e+00
3.810899999999999843e-01 0.000000000000000000e+00
3.814899999999999958e-01 0.000000000000000000e+00
3.818900000000000072e-01 0.000000000000000000e+00
3.822900000000000187e-01 0.000000000000000000e+00
3.826900000000000301e-01 0.000000000000000000e+00
3.830899999999999861e-01 0.000000000000000000e+00
3.834800000000000431e-01 0.000000000000000000e+00
3.838799999999999990e-01 0.000000000000000000e+00
3.842799999999999550e-01 0.000000000000000000e+00
3.846800000000000219e-01 0.000000000000000000e+00
3.850799999999999779e-01 0.000000000000000000e+00
3.854800000000000448e-01 0.000000000000000000e+00
3.858800000000000008e-01 0.000000000000000000e+00
3.862799999999999567e-01 0.000000000000000000e+00
3.866800000000000237e-01 0.000000000000000000e+00
3.870799999999999796e-01 0.000000000000000000e+00
3.874800000000000466e-01 0.000000000000000000e+00
3.878800000000000026e-01 0.000000000000000000e+00
3.882799999999999585e-01 0.000000000000000000e+00
3.886800000000000255e-01 0.000000000000000000e+00
3.890799999999999814e-01 0.000000000000000000e+00
3.894800000000000484e-01 0.000000000000000000e+00
3.898800000000000043e-01 0.000000000000000000e+00
3.902799999999999603e-01 0.000000000000000000e+00
3.906800000000000272e-01 0.000000000000000000e+00
3.910799999999999832e-01 0.000000000000000000e+00
3.914800000000000502e-01 0.000000000000000000e+00
3.918800000000000061e-01 0.000000000000000000e+00
3.922799999999999621e-01 0.000000000000000000e+00
3.926800000000000290e-01 0.000000000000000000e+00
3.930799999999999850e-01 0.000000000000000000e+00
3.934800000000000519e-01 0.000000000000000000e+00
3.938800000000000079e-01 0.000000000000000000e+00
3.942799999999999638e-01 0.000000000000000000e+00
3.946800000000000308e-01 0.000000000000000000e+00
3.950799999999999867e-01 0.000000000000000000e+00
3.954800000000000537e-01 0.000000000000000000e+00
3.958800000000000097e-01 0.000000000000000000e+00
3.962799999999999656e-01 0.000000000000000000e+00
3.966800000000000326e-01 0.000000000000000000e+00
3.970799999999999885e-01 0.000000000000000000e+00
3.974800000000000000e-01 0.000000000000000000e+00
3.978800000000000114e-01 0.000000000000000000e+00
3.982799999999999674e-01 0.000000000000000000e+00
3.986800000000000344e-01 0.000000000000000000e+00
3.990799999999999903e-01 0.000000000000000000e+00
3.994800000000000018e-01 0.000000000000000000e+00
3.998800000000000132e-01 0.000000000000000000e+00
4.002799999999999692e-01 0.000000000000000000e+00
4.006800000000000361e-01 0.000000000000000000e+00
4.010799999999999921e-01 3.721926670228550834e-29
4.014800000000000035e-01 3.721926670228550834e-29
4.018800000000000150e-01 0.000000000000000000e+00
4.022799999999999709e-01 0.000000000000000000e+00
4.026800000000000379e-01 0.000000000000000000e+00
4.030799999999999939e-01 0.000000000000000000e+00
4.034800000000000053e-01 0.000000000000000000e+00
4.038800000000000168e-01 0.000000000000000000e+00
4.042799999999999727e-01 0.000000000000000000e+00
4.046800000000000397e-01 0.000000000000000000e+00
4.050799999999999956e-01 3.721926670228550834e-29
4.054800000000000071e-01 1.488770668091420334e-28
4.058800000000000185e-01 2.977541336182840667e-28
4.062799999999999745e-01 2.977541336182840667e-28
4.066800000000000415e-01 2.605348669159985696e-28
4.070799999999999974e-01 1.860963335114275305e-28
4.074800000000000089e-01 7.443853340457101668e-29
4.078800000000000203e-01 0.000000000000000000e+00
4.082799999999999763e-01 0.000000000000000000e+00
4.086799999999999877e-01 0.000000000000000000e+00
4.090799999999999992e-01 3.721926670228550834e-29
4.094800000000000106e-01 0.000000000000000000e+00
4.098800000000000221e-01 0.000000000000000000e+00
4.102799999999999780e-01 3.721926670228550834e-29
4.106799999999999895e-01 3.721926670228550834e-29
4.110800000000000010e-01 0.000000000000000000e+00
4.114800000000000124e-01 0.000000000000000000e+00
4.118800000000000239e-01 0.000000000000000000e+00
4.122799999999999798e-01 0.000000000000000000e+00
4.126799999999999913e-01 0.000000000000000000e+00
4.130800000000000027e-01 0.000000000000000000e+00
4.134800000000000142e-01 0.000000000000000000e+00
4.138800000000000257e-01 0.000000000000000000e+00
4.142799999999999816e-01 0.000000000000000000e+00
4.146799999999999931e-01 0.000000000000000000e+00
4.150800000000000045e-01 0.000000000000000000e+00
4.154800000000000160e-01 0.000000000000000000e+00
4.158800000000000274e-01 0.000000000000000000e+00
4.162799999999999834e-01 3.721926670228550834e-29
4.166700000000000403e-01 3.721926670228550834e-29
4.170699999999999963e-01 0.000000000000000000e+00
4.174700000000000633e-01 0.000000000000000000e+00
4.178700000000000192e-01 0.000000000000000000e+00
4.182699999999999751e-01 3.721926670228550834e-29
4.186700000000000421e-01 7.443853340457101668e-29
4.190699999999999981e-01 1.860963335114275305e-28
4.194700000000000095e-01 2.977541336182840667e-28
4.198700000000000210e-01 2.977541336182840667e-28
4.202699999999999769e-01 2.605348669159985696e-28
4.206700000000000439e-01 2.605348669159985696e-28
4.210699999999999998e-01 1.488770668091420334e-28
4.214700000000000113e-01 7.443853340457101668e-29
4.218700000000000228e-01 3.721926670228550834e-29
4.222699999999999787e-01 0.000000000000000000e+00
4.226700000000000457e-01 0.000000000000000000e+00
4.230700000000000016e-01 0.000000000000000000e+00
4.234700000000000131e-01 0.000000000000000000e+00
4.238700000000000245e-01 0.000000000000000000e+00
4.242699999999999805e-01 0.000000000000000000e+00
4.246700000000000474e-01 0.000000000000000000e+00
4.250700000000000034e-01 0.000000000000000000e+00
4.254700000000000149e-01 0.000000000000000000e+00
4.258700000000000263e-01 0.000000000000000000e+00
4.262699999999999823e-01 0.000000000000000000e+00
4.266700000000000492e-01 0.000000000000000000e+00
4.270700000000000052e-01 0.000000000000000000e+00
4.274700000000000166e-01 0.000000000000000000e+00
4.278700000000000281e-01 0.000000000000000000e+00
4.282699999999999840e-01 0.000000000000000000e+00
4.286700000000000510e-01 0.000000000000000000e+00
4.290700000000000069e-01 0.000000000000000000e+00
4.294700000000000184e-01 3.721926670228550834e-29
4.298700000000000299e-01 0.000000000000000000e+00
4.302699999999999858e-01 0.000000000000000000e+00
4.306699999999999973e-01 0.000000000000000000e+00
4.310700000000000087e-01 0.000000000000000000e+00
4.314700000000000202e-01 1.116578001068565138e-28
4.318700000000000316e-01 1.860963335114275305e-28
4.322699999999999876e-01 3.721926670228550834e-29
4.326699999999999990e-01 3.721926670228550834e-29
4.330700000000000105e-01 2.233156002137130276e-28
4.334700000000000220e-01 2.605348669159985696e-28
4.338700000000000334e-01 1.488770668091420334e-28
4.342699999999999894e-01 2.233156002137130276e-28
4.346700000000000008e-01 3.721926670228550610e-28
4.350700000000000123e-01 2.605348669159985696e-28
4.354700000000000237e-01 2.605348669159985696e-28
4.358700000000000352e-01 3.721926670228550610e-28
4.362699999999999911e-01 4.466312004274260553e-28
4.366700000000000026e-01 5.210697338319971392e-28
4.370700000000000141e-01 4.838504671297115524e-28
4.374700000000000255e-01 4.094119337251406478e-28
4.378700000000000370e-01 4.094119337251406478e-28
4.382699999999999929e-01 1.860963335114275305e-28
4.386700000000000044e-01 1.860963335114275305e-28
4.390700000000000158e-01 3.721926670228550610e-28
4.394700000000000273e-01 6.699468006411391277e-28
4.398700000000000387e-01 1.302674334579992758e-27
4.402699999999999947e-01 1.823744068411989718e-27
4.406700000000000061e-01 2.195936735434845048e-27
4.410700000000000176e-01 2.717006469266842008e-27
4.414700000000000291e-01 2.270375268839416042e-27
4.418700000000000405e-01 1.786524801709704221e-27
4.422699999999999965e-01 1.377112867984563753e-27
4.426700000000000079e-01 8.932624008548521105e-28
4.430700000000000194e-01 5.582890005342826363e-28
4.434700000000000308e-01 3.349734003205695639e-28
4.438699999999999868e-01 2.233156002137130276e-28
4.442699999999999982e-01 1.116578001068565138e-28
4.446700000000000097e-01 0.000000000000000000e+00
4.450700000000000212e-01 0.000000000000000000e+00
4.454700000000000326e-01 0.000000000000000000e+00
4.458699999999999886e-01 0.000000000000000000e+00
4.462700000000000000e-01 0.000000000000000000e+00
4.466700000000000115e-01 0.000000000000000000e+00
4.470700000000000229e-01 0.000000000000000000e+00
4.474700000000000344e-01 3.721926670228550834e-29
4.478699999999999903e-01 0.000000000000000000e+00
4.482700000000000018e-01 0.000000000000000000e+00
4.486700000000000133e-01 7.443853340457101668e-29
4.490700000000000247e-01 0.000000000000000000e+00
4.494700000000000362e-01 3.721926670228550834e-29
4.498600000000000376e-01 3.721926670228550834e-29
4.502599999999999936e-01 3.721926670228550834e-29
4.506600000000000605e-01 1.116578001068565138e-28
4.510600000000000165e-01 1.116578001068565138e-28
4.514599999999999724e-01 1.116578001068565138e-28
4.518600000000000394e-01 1.488770668091420334e-28
4.522599999999999953e-01 1.488770668091420334e-28
4.526600000000000068e-01 1.116578001068565138e-28
4.530600000000000183e-01 1.488770668091420334e-28
4.534599999999999742e-01 2.233156002137130276e-28
4.538600000000000412e-01 2.977541336182840667e-28
4.542599999999999971e-01 3.721926670228550610e-28
4.546600000000000086e-01 3.349734003205695639e-28
4.550600000000000200e-01 4.094119337251406478e-28
4.554599999999999760e-01 4.094119337251406478e-28
4.558600000000000430e-01 4.466312004274260553e-28
4.562599999999999989e-01 5.210697338319971392e-28
4.566600000000000104e-01 5.955082672365681335e-28
4.570600000000000218e-01 6.327275339388536306e-28
4.574599999999999778e-01 7.071660673434246249e-28
4.578600000000000447e-01 8.188238674502812956e-28
4.582600000000000007e-01 1.116578001068565273e-27
4.586600000000000121e-01 1.339893601282278255e-27
4.590600000000000236e-01 1.563209201495991238e-27
4.594599999999999795e-01 1.898182601816561071e-27
4.598600000000000465e-01 1.786524801709704221e-27
4.602600000000000025e-01 1.339893601282278255e-27
4.606600000000000139e-01 8.560431341525666134e-28
4.610600000000000254e-01 4.838504671297115524e-28
4.614599999999999813e-01 3.349734003205695639e-28
4.618600000000000483e-01 2.233156002137130276e-28
4.622600000000000042e-01 1.488770668091420334e-28
4.626600000000000157e-01 1.116578001068565138e-28
4.630600000000000271e-01 1.116578001068565138e-28
4.634599999999999831e-01 1.116578001068565138e-28
4.638600000000000501e-01 1.488770668091420334e-28
4.642600000000000060e-01 1.488770668091420334e-28
4.646600000000000175e-01 1.860963335114275305e-28
4.650600000000000289e-01 2.605348669159985696e-28
4.654599999999999849e-01 2.977541336182840667e-28
4.658599999999999963e-01 2.977541336182840667e-28
4.662600000000000078e-01 2.977541336182840667e-28
4.666600000000000192e-01 2.977541336182840667e-28
4.670600000000000307e-01 2.233156002137130276e-28
4.674599999999999866e-01 1.860963335114275305e-28
4.678599999999999981e-01 1.488770668091420334e-28
4.682600000000000096e-01 1.116578001068565138e-28
4.686600000000000210e-01 1.116578001068565138e-28
4.690600000000000325e-01 7.443853340457101668e-29
4.694599999999999884e-01 7.443853340457101668e-29
4.698599999999999999e-01 7.443853340457101668e-29
4.702600000000000113e-01 1.116578001068565138e-28
4.706600000000000228e-01 1.116578001068565138e-28
4.710600000000000342e-01 1.116578001068565138e-28
4.714599999999999902e-01 1.116578001068565138e-28
4.718600000000000017e-01 1.488770668091420334e-28
4.722600000000000131e-01 1.488770668091420334e-28
4.726600000000000246e-01 1.488770668091420334e-28
4.730600000000000360e-01 1.860963335114275305e-28
4.734599999999999920e-01 1.860963335114275305e-28
4.738600000000000034e-01 1.860963335114275305e-28
4.742600000000000149e-01 2.233156002137130276e-28
4.746600000000000263e-01 2.233156002137130276e-28
4.750600000000000378e-01 2.605348669159985696e-28
4.754599999999999937e-01 3.349734003205695639e-28
4.758600000000000052e-01 4.094119337251406478e-28
4.762600000000000167e-01 4.838504671297115524e-28
4.766600000000000281e-01 5.582890005342826363e-28
4.770600000000000396e-01 6.699468006411391277e-28
4.774599999999999955e-01 7.443853340457101220e-28
4.778600000000000070e-01 8.188238674502812956e-28
4.782600000000000184e-01 9.677009342594231048e-28
4.786600000000000299e-01 1.153797267770850770e-27
4.790599999999999858e-01 1.339893601282278255e-27
4.794599999999999973e-01 1.600428468198276735e-27
4.798600000000000088e-01 1.898182601816561071e-27
4.802600000000000202e-01 2.121498202030274054e-27
4.806600000000000317e-01 2.382033068946272534e-27
4.810599999999999876e-01 2.679787202564556511e-27
4.814599999999999991e-01 2.903102802778269494e-27
4.818600000000000105e-01 3.275295469801125182e-27
4.822600000000000220e-01 3.535830336717122945e-27
4.826600000000000334e-01 3.573049603419408442e-27
4.830599999999999894e-01 3.833584470335407639e-27
4.834499999999999909e-01 4.242996404060548108e-27
4.838500000000000578e-01 5.024601004808543548e-27
4.842500000000000138e-01 7.108879940136532104e-27
4.846499999999999697e-01 1.042139467663994207e-26
4.850500000000000367e-01 1.265455067877707333e-26
4.854499999999999926e-01 1.369669014644106581e-26
4.858500000000000596e-01 1.592984614857819564e-26
4.862500000000000155e-01 1.179850754462450618e-26
4.866499999999999715e-01 7.108879940136532104e-27
4.870500000000000385e-01 4.987381738106258051e-27
4.874499999999999944e-01 3.424172536610266454e-27
4.878500000000000059e-01 2.195936735434845048e-27
4.882500000000000173e-01 1.377112867984563753e-27
4.886499999999999733e-01 8.560431341525666134e-28
4.890500000000000402e-01 4.838504671297115524e-28
4.894499999999999962e-01 2.977541336182840667e-28
4.898500000000000076e-01 2.605348669159985696e-28
4.902500000000000191e-01 2.233156002137130276e-28
4.906499999999999750e-01 1.860963335114275305e-28
4.910500000000000420e-01 2.233156002137130276e-28
4.914499999999999980e-01 1.860963335114275305e-28
4.918500000000000094e-01 1.860963335114275305e-28
4.922500000000000209e-01 1.860963335114275305e-28
4.926499999999999768e-01 1.860963335114275305e-28
4.930500000000000438e-01 1.488770668091420334e-28
4.934499999999999997e-01 1.116578001068565138e-28
4.938500000000000112e-01 7.443853340457101668e-29
4.942500000000000226e-01 7.443853340457101668e-29
4.946499999999999786e-01 1.116578001068565138e-28
4.950500000000000456e-01 1.116578001068565138e-28
4.954500000000000015e-01 7.443853340457101668e-29
4.958500000000000130e-01 1.488770668091420334e-28
4.962500000000000244e-01 1.488770668091420334e-28
4.966499999999999804e-01 1.860963335114275305e-28
4.970500000000000473e-01 2.233156002137130276e-28
4.974500000000000033e-01 2.233156002137130276e-28
4.978500000000000147e-01 2.605348669159985696e-28
4.982500000000000262e-01 3.349734003205695639e-28
4.986499999999999821e-01 4.094119337251406478e-28
4.990500000000000491e-01 4.466312004274260553e-28
4.994500000000000051e-01 4.466312004274260553e-28
4.998500000000000165e-01 4.466312004274260553e-28
5.002499999999999725e-01 5.582890005342826363e-28
5.006500000000000394e-01 5.955082672365681335e-28
5.010499999999999954e-01 6.327275339388536306e-28
5.014499999999999513e-01 7.816046007479956191e-28
5.018500000000000183e-01 8.932624008548521105e-28
5.022499999999999742e-01 1.004920200961708781e-27
5.026500000000000412e-01 1.153797267770850770e-27
5.030499999999999972e-01 1.302674334579992758e-27
5.034499999999999531e-01 1.451551401389134747e-27
5.038500000000000201e-01 1.674867001602847730e-27
5.042499999999999760e-01 1.749305535007419083e-27
5.046500000000000430e-01 1.823744068411989718e-27
5.050499999999999989e-01 2.084278935327988557e-27
5.054499999999999549e-01 2.344813802243987037e-27
5.058500000000000218e-01 2.456471602350843528e-27
5.062499999999999778e-01 2.679787202564556511e-27
5.066499999999999337e-01 3.051979869587411841e-27
5.070500000000000007e-01 3.349734003205695459e-27
5.074499999999999567e-01 3.833584470335407639e-27
5.078500000000000236e-01 4.391873470869690096e-27
5.082499999999999796e-01 4.764066137892545068e-27
5.086499999999999355e-01 4.987381738106258051e-27
5.090500000000000025e-01 5.396793671831398519e-27
5.094499999999999584e-01 5.806205605556538987e-27
5.098500000000000254e-01 5.992301939067966473e-27
5.102499999999999813e-01 5.992301939067966473e-27
5.106499999999999373e-01 5.620109272045111502e-27
5.110500000000000043e-01 4.912943204701687056e-27
5.114499999999999602e-01 3.982461537144548911e-27
5.118500000000000272e-01 3.238076203098838968e-27
5.122499999999999831e-01 2.568129402457700020e-27
5.126499999999999391e-01 1.860963335114275574e-27
5.130500000000000060e-01 1.339893601282278255e-27
5.134500000000000730e-01 1.004920200961708781e-27
5.138500000000000290e-01 7.816046007479956191e-28
5.142499999999999849e-01 5.582890005342826363e-28
5.146499999999999408e-01 4.466312004274260553e-28
5.150500000000000078e-01 4.094119337251406478e-28
5.154500000000000748e-01 3.721926670228550610e-28
5.158500000000000307e-01 3.721926670228550610e-28
5.162499999999999867e-01 4.094119337251406478e-28
5.166399999999999881e-01 4.094119337251406478e-28
5.170399999999999441e-01 4.466312004274260553e-28
5.174400000000000110e-01 5.955082672365681335e-28
5.178400000000000780e-01 7.443853340457101220e-28
5.182400000000000340e-01 8.932624008548521105e-28
5.186399999999999899e-01 1.004920200961708781e-27
5.190399999999999459e-01 1.191016534473136267e-27
5.194400000000000128e-01 1.451551401389134747e-27
5.198400000000000798e-01 1.637647734900562591e-27
5.202400000000000357e-01 1.786524801709704221e-27
5.206399999999999917e-01 2.047059668625702701e-27
5.210399999999999476e-01 2.233156002137130545e-27
5.214400000000000146e-01 2.344813802243987037e-27
5.218400000000000816e-01 2.419252335648558031e-27
5.222400000000000375e-01 2.419252335648558031e-27
5.226399999999999935e-01 2.382033068946272534e-27
5.230399999999999494e-01 2.270375268839416042e-27
5.234400000000000164e-01 2.084278935327988557e-27
5.238400000000000833e-01 1.935401868518846210e-27
5.242400000000000393e-01 1.749305535007419083e-27
5.246399999999999952e-01 1.563209201495991238e-27
5.250399999999999512e-01 1.451551401389134747e-27
5.254400000000000182e-01 1.339893601282278255e-27
5.258400000000000851e-01 1.191016534473136267e-27
5.262400000000000411e-01 1.004920200961708781e-27
5.266399999999999970e-01 9.677009342594231048e-28
5.270399999999999530e-01 9.677009342594231048e-28
5.274400000000000199e-01 1.004920200961708781e-27
5.278400000000000869e-01 9.304816675571377870e-28
5.282400000000000428e-01 9.677009342594231048e-28
5.286399999999999988e-01 1.042139467663994278e-27
5.290399999999999547e-01 1.079358734366279596e-27
5.294400000000000217e-01 1.153797267770850770e-27
5.298400000000000887e-01 1.228235801175421764e-27
5.302400000000000446e-01 1.302674334579992758e-27
5.306400000000000006e-01 1.525989934793705920e-27
5.310399999999999565e-01 1.786524801709704221e-27
5.314400000000000235e-01 2.121498202030274054e-27
5.318400000000000905e-01 2.493690869053129025e-27
5.322400000000000464e-01 2.865883536075983997e-27
5.326400000000000023e-01 3.312514736503409962e-27
5.330399999999999583e-01 3.759145936930835928e-27
5.334400000000000253e-01 4.019680803846835125e-27
5.338400000000000922e-01 4.354654204167404599e-27
5.342400000000000482e-01 4.801285404594830565e-27
5.346400000000000041e-01 5.396793671831398519e-27
5.350399999999999601e-01 6.029521205770251970e-27
5.354400000000000270e-01 6.773906539815963348e-27
5.358400000000000940e-01 7.853265274182242047e-27
5.362400000000000500e-01 9.304816675571377153e-27
5.366400000000000059e-01 1.064471027685365505e-26
5.370399999999999618e-01 1.220791947834964736e-26
5.374400000000000288e-01 1.432941768037991998e-26
5.378400000000000958e-01 1.630203881560105205e-26
5.382400000000000517e-01 1.790246728379932771e-26
5.386400000000000077e-01 1.894460675146332450e-26
5.390399999999999636e-01 2.039615815285245817e-26
5.394400000000000306e-01 2.318760315552387260e-26
5.398400000000000976e-01 2.620236375840900146e-26
5.402400000000000535e-01 3.044536016246954383e-26
5.406400000000000095e-01 3.595381163440780027e-26
5.410399999999999654e-01 4.187167504007119934e-26
5.414400000000000324e-01 4.734290724530716957e-26
5.418399999999999883e-01 5.285135871724541454e-26
5.422400000000000553e-01 5.768986338854253060e-26
5.426400000000000112e-01 5.917863405663395622e-26
5.430399999999999672e-01 5.910419552322938379e-26
5.434400000000000341e-01 5.634996978726026131e-26
5.438399999999999901e-01 4.912943204701687343e-26
5.442400000000000571e-01 4.168557870655976827e-26
5.446400000000000130e-01 3.346012076535466981e-26
5.450399999999999689e-01 2.534632062425642713e-26
5.454400000000000359e-01 1.883294895135646585e-26
5.458399999999999919e-01 1.388278647995249402e-26
5.462400000000000588e-01 1.001198274291480232e-26
5.466400000000000148e-01 6.960002873327390116e-27
5.470399999999999707e-01 4.801285404594830565e-27
5.474400000000000377e-01 3.386953269907981674e-27
5.478399999999999936e-01 2.344813802243987037e-27
5.482400000000000606e-01 1.674867001602847730e-27
5.486400000000000166e-01 1.191016534473136267e-27
5.490399999999999725e-01 8.932624008548521105e-28
5.494400000000000395e-01 6.327275339388536306e-28
5.498399999999999954e-01 4.466312004274260553e-28
5.502299999999999969e-01 3.349734003205695639e-28
5.506299999999999528e-01 2.977541336182840667e-28
5.510300000000000198e-01 2.233156002137130276e-28
5.514299999999999757e-01 1.860963335114275305e-28
5.518300000000000427e-01 1.860963335114275305e-28
5.522299999999999986e-01 2.605348669159985696e-28
5.526299999999999546e-01 3.349734003205695639e-28
5.530300000000000216e-01 4.094119337251406478e-28
5.534299999999999775e-01 5.210697338319971392e-28
5.538300000000000445e-01 6.699468006411391277e-28
5.542300000000000004e-01 7.816046007479956191e-28
5.546299999999999564e-01 9.677009342594231048e-28
5.550300000000000233e-01 1.079358734366279596e-27
5.554299999999999793e-01 1.153797267770850770e-27
5.558300000000000463e-01 1.265455067877707261e-27
5.562300000000000022e-01 1.339893601282278255e-27
5.566299999999999581e-01 1.377112867984563753e-27
5.570300000000000251e-01 1.339893601282278255e-27
5.574299999999999811e-01 1.302674334579992758e-27
5.578300000000000480e-01 1.228235801175421764e-27
5.582300000000000040e-01 1.153797267770850770e-27
5.586299999999999599e-01 1.153797267770850770e-27
5.590300000000000269e-01 1.153797267770850770e-27
5.594299999999999828e-01 1.079358734366279596e-27
5.598300000000000498e-01 1.042139467663994278e-27
5.602300000000000058e-01 1.004920200961708781e-27
5.606299999999999617e-01 9.304816675571377870e-28
5.610300000000000287e-01 9.677009342594231048e-28
5.614299999999999846e-01 1.004920200961708781e-27
5.618300000000000516e-01 1.079358734366279596e-27
5.622300000000000075e-01 1.116578001068565273e-27
5.626299999999999635e-01 1.153797267770850770e-27
5.630300000000000304e-01 1.228235801175421764e-27
5.634299999999999864e-01 1.339893601282278255e-27
5.638300000000000534e-01 1.488770668091420244e-27
5.642300000000000093e-01 1.674867001602847730e-27
5.646299999999999653e-01 1.898182601816561071e-27
5.650300000000000322e-01 2.121498202030274054e-27
5.654299999999999882e-01 2.419252335648558031e-27
5.658300000000000551e-01 2.828664269373698499e-27
5.662300000000000111e-01 3.200856936396553471e-27
5.666299999999999670e-01 3.535830336717122945e-27
5.670300000000000340e-01 3.870803737037692419e-27
5.674299999999999899e-01 4.317434937465118385e-27
5.678300000000000569e-01 4.764066137892545068e-27
5.682300000000000129e-01 5.136258804915400039e-27
5.686299999999999688e-01 5.322355138426827525e-27
5.690300000000000358e-01 5.582890005342826005e-27
5.694299999999999917e-01 5.992301939067966473e-27
5.698300000000000587e-01 6.476152406197677936e-27
5.702300000000000146e-01 6.960002873327390116e-27
5.706299999999999706e-01 7.481072607159387076e-27
5.710300000000000376e-01 8.039361607693670250e-27
5.714299999999999935e-01 8.523212074823380995e-27
5.718300000000000605e-01 8.969843275250806961e-27
5.722300000000000164e-01 9.490913009082803921e-27
5.726299999999999724e-01 1.008642127631937187e-26
5.730300000000000393e-01 1.120299927738793679e-26
5.734299999999999953e-01 1.258011214537250090e-26
5.738300000000000622e-01 1.392000574665478023e-26
5.742300000000000182e-01 1.518546081453248857e-26
5.746299999999999741e-01 1.648813514911248025e-26
5.750299999999999301e-01 1.764193241688332995e-26
5.754299999999999971e-01 1.827465995082218411e-26
5.758300000000000640e-01 1.823744068411990077e-26
5.762300000000000200e-01 1.734417828326504884e-26
5.766299999999999759e-01 1.622760028219648249e-26
5.770299999999999319e-01 1.548321494815076968e-26
5.774299999999999988e-01 1.503658374772334371e-26
5.778300000000000658e-01 1.455273328059363440e-26
5.782300000000000217e-01 1.343615527952506805e-26
5.786299999999999777e-01 1.161241121111307797e-26
5.790299999999999336e-01 9.825886409403374113e-27
5.794300000000000006e-01 8.448773541418811436e-27
5.798300000000000676e-01 7.108879940136532104e-27
5.802300000000000235e-01 5.806205605556538987e-27
5.806299999999999795e-01 4.689627604487974073e-27
5.810299999999999354e-01 3.870803737037692419e-27
5.814300000000000024e-01 3.238076203098838968e-27
5.818300000000000693e-01 2.679787202564556511e-27
5.822300000000000253e-01 2.195936735434845048e-27
5.826299999999999812e-01 1.786524801709704221e-27
5.830299999999999372e-01 1.488770668091420244e-27
5.834199999999999386e-01 1.265455067877707261e-27
5.838200000000001166e-01 1.079358734366279596e-27
5.842200000000000726e-01 8.560431341525666134e-28
5.846200000000000285e-01 6.699468006411391277e-28
5.850199999999999845e-01 5.210697338319971392e-28
5.854199999999999404e-01 4.466312004274260553e-28
5.858200000000000074e-01 3.721926670228550610e-28
5.862200000000000744e-01 3.349734003205695639e-28
5.866200000000000303e-01 3.349734003205695639e-28
5.870199999999999863e-01 2.977541336182840667e-28
5.874199999999999422e-01 3.349734003205695639e-28
5.878200000000000092e-01 3.349734003205695639e-28
5.882200000000000761e-01 4.094119337251406478e-28
5.886200000000000321e-01 5.582890005342826363e-28
5.890199999999999880e-01 7.816046007479956191e-28
5.894199999999999440e-01 1.079358734366279596e-27
5.898200000000000109e-01 1.377112867984563753e-27
5.902200000000000779e-01 1.712086268305133227e-27
5.906200000000000339e-01 2.084278935327988557e-27
5.910199999999999898e-01 2.530910135755414522e-27
5.914199999999999458e-01 3.089199136289696979e-27
5.918200000000000127e-01 3.610268870121694657e-27
5.922200000000000797e-01 4.242996404060548108e-27
5.926200000000000356e-01 4.912943204701687056e-27
5.930199999999999916e-01 5.694547805449682496e-27
5.934199999999999475e-01 6.513371672899964150e-27
5.938200000000000145e-01 7.443853340457102296e-27
5.942200000000000815e-01 8.709308408334809199e-27
5.946200000000000374e-01 1.001198274291480232e-26
5.950199999999999934e-01 1.071914881025822604e-26
5.954199999999999493e-01 1.150075341100622220e-26
5.958200000000000163e-01 1.239401581186107557e-26
5.962200000000000832e-01 1.217070021164736115e-26
5.966200000000000392e-01 1.138909561089936499e-26
5.970199999999999951e-01 1.120299927738793679e-26
5.974199999999999511e-01 1.127743781079250922e-26
5.978200000000000180e-01 1.090524514376965425e-26
5.982200000000000850e-01 1.034695614323537107e-26
5.986200000000000410e-01 9.863105676105658892e-27
5.990199999999999969e-01 9.416474475678232927e-27
5.994199999999999529e-01 8.746527675037093978e-27
5.998200000000000198e-01 7.927703807586813041e-27
6.002200000000000868e-01 7.220537740243389313e-27
6.006200000000000427e-01 6.773906539815963348e-27
6.010199999999999987e-01 6.215617539281679456e-27
6.014199999999999546e-01 5.434012938533684016e-27
6.018200000000000216e-01 4.689627604487974073e-27
6.022200000000000886e-01 4.131338603953691617e-27
6.026200000000000445e-01 3.721926670228551148e-27
6.030200000000000005e-01 3.461391803312551951e-27
6.034199999999999564e-01 3.275295469801125182e-27
6.038200000000000234e-01 3.163637669694268332e-27
6.042200000000000903e-01 3.126418402991982476e-27
6.046200000000000463e-01 3.312514736503409962e-27
6.050200000000000022e-01 3.721926670228551148e-27
6.054199999999999582e-01 4.280215670762833605e-27
6.058200000000000252e-01 4.912943204701687056e-27
6.062200000000000921e-01 5.917863405663396196e-27
6.066200000000000481e-01 6.997222140029676331e-27
6.070200000000000040e-01 8.039361607693670250e-27
6.074199999999999600e-01 9.267597408869090938e-27
6.078200000000000269e-01 1.097968367717422381e-26
6.082200000000000939e-01 1.287786627899078488e-26
6.086200000000000498e-01 1.388278647995249402e-26
6.090200000000000058e-01 1.410610208016620844e-26
6.094199999999999617e-01 1.440385621378448954e-26
6.098200000000000287e-01 1.503658374772334371e-26
6.102199999999999847e-01 1.659979294921933603e-26
6.106200000000000516e-01 1.913070308497475270e-26
6.110200000000000076e-01 2.251765635488273222e-26
6.114199999999999635e-01 2.754225735969127649e-26
6.118200000000000305e-01 3.435338316620952174e-26
6.122199999999999864e-01 4.246718330730776155e-26
6.126200000000000534e-01 5.326077065097056290e-26
6.130200000000000093e-01 6.833457366539619282e-26
6.134199999999999653e-01 8.363169228003554004e-26
6.138200000000000323e-01 9.583961175838518883e-26
6.142199999999999882e-01 1.084197239037576768e-25
6.146200000000000552e-01 1.178734176461381917e-25
6.150200000000000111e-01 1.218186599165804615e-25
6.154199999999999671e-01 1.270293572549004397e-25
6.158200000000000340e-01 1.373763133981358008e-25
6.162199999999999900e-01 1.447085089384860473e-25
6.166099999999999914e-01 1.517057310785157408e-25
6.170100000000000584e-01 1.707247763633836292e-25
6.174100000000000144e-01 2.013934521260668960e-25
6.178099999999999703e-01 2.332531444232232988e-25
6.182100000000000373e-01 2.568873787791745859e-25
6.186099999999999932e-01 2.681275973232647931e-25
6.190099999999999492e-01 2.741571185290350680e-25
6.194100000000000161e-01 2.711051386594476443e-25
6.198099999999999721e-01 2.582644916471591299e-25
6.202100000000000390e-01 2.385382802949478494e-25
6.206099999999999950e-01 2.197797698769959187e-25
6.210099999999999509e-01 2.088000861998217150e-25
6.214100000000000179e-01 1.923119510507092433e-25
6.218099999999999739e-01 1.673378230934756525e-25
6.222100000000000408e-01 1.442246584713563495e-25
6.226099999999999968e-01 1.246101049192518817e-25
6.230099999999999527e-01 1.057027174344908291e-25
6.234100000000000197e-01 8.698142628324123047e-26
6.238099999999999756e-01 6.844623146550305147e-26
6.242100000000000426e-01 5.340964771777969628e-26
6.246099999999999985e-01 4.350932277497175834e-26
6.250099999999999545e-01 3.576771530089637494e-26
6.254100000000000215e-01 2.854717756065298706e-26
6.258099999999999774e-01 2.225712148796673446e-26
6.262100000000000444e-01 1.790246728379932771e-26
6.266100000000000003e-01 1.470161034740277639e-26
6.270099999999999563e-01 1.217070021164736115e-26
6.274100000000000232e-01 1.004920200961708710e-26
6.278099999999999792e-01 7.629949673968529064e-27
6.282100000000000461e-01 5.917863405663396196e-27
6.286100000000000021e-01 4.838504671297116062e-27
6.290099999999999580e-01 4.094119337251405402e-27
6.294100000000000250e-01 3.386953269907981674e-27
6.298099999999999810e-01 2.717006469266842008e-27
6.302100000000000479e-01 2.195936735434845048e-27
6.306100000000000039e-01 1.823744068411989718e-27
6.310099999999999598e-01 1.563209201495991238e-27
6.314100000000000268e-01 1.377112867984563753e-27
6.318099999999999827e-01 1.228235801175421764e-27
6.322100000000000497e-01 1.116578001068565273e-27
6.326100000000000056e-01 1.004920200961708781e-27
6.330099999999999616e-01 9.304816675571377870e-28
6.334100000000000286e-01 9.677009342594231048e-28
6.338099999999999845e-01 1.042139467663994278e-27
6.342100000000000515e-01 1.042139467663994278e-27
6.346100000000000074e-01 1.079358734366279596e-27
6.350099999999999634e-01 1.228235801175421764e-27
6.354100000000000303e-01 1.377112867984563753e-27
6.358099999999999863e-01 1.563209201495991238e-27
6.362100000000000533e-01 1.823744068411989718e-27
6.366100000000000092e-01 2.047059668625702701e-27
6.370099999999999651e-01 2.195936735434845048e-27
6.374100000000000321e-01 2.233156002137130545e-27
6.378099999999999881e-01 2.419252335648558031e-27
6.382100000000000550e-01 2.865883536075983997e-27
6.386100000000000110e-01 3.312514736503409962e-27
6.390099999999999669e-01 3.684707403526265651e-27
6.394100000000000339e-01 4.019680803846835125e-27
6.398099999999999898e-01 4.354654204167404599e-27
6.402100000000000568e-01 4.838504671297116062e-27
6.406100000000000128e-01 5.694547805449682496e-27
6.410099999999999687e-01 6.662248739709106139e-27
6.414100000000000357e-01 7.257757006945674093e-27
6.418099999999999916e-01 7.927703807586813041e-27
6.422100000000000586e-01 8.485992808121096216e-27
6.426100000000000145e-01 8.448773541418811436e-27
6.430099999999999705e-01 8.039361607693670250e-27
6.434099999999999264e-01 7.592730407266244285e-27
6.438099999999999934e-01 7.034441406731961110e-27
6.442100000000000604e-01 6.476152406197677936e-27
6.446100000000000163e-01 6.215617539281679456e-27
6.450099999999999723e-01 6.364494606090822162e-27
6.454099999999999282e-01 6.848345073220532907e-27
6.458099999999999952e-01 7.257757006945674093e-27
6.462100000000000621e-01 7.183318473541103099e-27
6.466100000000000181e-01 6.773906539815963348e-27
6.470099999999999740e-01 6.252836805983964953e-27
6.474099999999999300e-01 6.476152406197677936e-27
6.478099999999999969e-01 7.704388207373100059e-27
6.482100000000000639e-01 9.230378142166806158e-27
6.486100000000000199e-01 1.030973687653308486e-26
6.490099999999999758e-01 1.075636807696051082e-26
6.494099999999999318e-01 1.112856074398336723e-26
6.497999999999999332e-01 1.209626167824279016e-26
6.502000000000001112e-01 1.306396261250221165e-26
6.506000000000000671e-01 1.328727821271592606e-26
6.510000000000000231e-01 1.295230481239535587e-26
6.513999999999999790e-01 1.265455067877707333e-26
6.517999999999999350e-01 1.276620847888392767e-26
6.522000000000001130e-01 1.306396261250221165e-26
6.526000000000000689e-01 1.362225161303649625e-26
6.530000000000000249e-01 1.481326814750963216e-26
6.533999999999999808e-01 1.626481954889876870e-26
6.537999999999999368e-01 1.801412508390618635e-26
6.542000000000000037e-01 1.972621135221131778e-26
6.546000000000000707e-01 2.128942055370731010e-26
6.550000000000000266e-01 2.251765635488273222e-26
6.553999999999999826e-01 2.434140042329472230e-26
6.557999999999999385e-01 2.787723076001184094e-26
6.562000000000000055e-01 3.096642989630153935e-26
6.566000000000000725e-01 3.115252622981297043e-26
6.570000000000000284e-01 3.007316749544668742e-26
6.573999999999999844e-01 2.996150969533983452e-26
6.577999999999999403e-01 3.059423722927868295e-26
6.582000000000000073e-01 3.111530696311068421e-26
6.586000000000000743e-01 3.212022716407239479e-26
6.590000000000000302e-01 3.431616389950724127e-26
6.593999999999999861e-01 3.621434650132379804e-26
6.597999999999999421e-01 3.613990796791923135e-26
6.602000000000000091e-01 3.550718043398037144e-26
6.606000000000000760e-01 3.587937310100322784e-26
6.610000000000000320e-01 3.744258230249922016e-26
6.613999999999999879e-01 3.960129977123178043e-26
6.617999999999999439e-01 4.246718330730776155e-26
6.622000000000000108e-01 4.589135584391803590e-26
6.626000000000000778e-01 4.890611644680315041e-26
6.630000000000000338e-01 5.020879078138314496e-26
6.633999999999999897e-01 4.994825591446715867e-26
6.637999999999999456e-01 5.024601004808543691e-26
6.642000000000000126e-01 5.095317611542885777e-26
6.646000000000000796e-01 5.143702658255856708e-26
6.650000000000000355e-01 5.348408625118426870e-26
6.653999999999999915e-01 5.850868725599281584e-26
6.657999999999999474e-01 6.450098919506079307e-26
6.662000000000000144e-01 6.766462686475505244e-26
6.666000000000000814e-01 6.759018833135049149e-26
6.670000000000000373e-01 6.621307546336592451e-26
6.673999999999999932e-01 6.572922499623620372e-26
6.677999999999999492e-01 6.416601579474021714e-26
6.682000000000000162e-01 6.036965059110709213e-26
6.686000000000000831e-01 5.791317898875624789e-26
6.690000000000000391e-01 5.508451471938255297e-26
6.693999999999999950e-01 5.084151831532200487e-26
6.697999999999999510e-01 4.667296044466602919e-26
6.702000000000000179e-01 4.202055210688033846e-26
6.706000000000000849e-01 3.792643276962893521e-26
6.710000000000000409e-01 3.409284829929352398e-26
6.713999999999999968e-01 2.947765922821012521e-26
6.717999999999999527e-01 2.493690869053129025e-26
6.722000000000000197e-01 2.121498202030274054e-26
6.726000000000000867e-01 1.801412508390618635e-26
6.730000000000000426e-01 1.555765348155534211e-26
6.733999999999999986e-01 1.306396261250221165e-26
6.737999999999999545e-01 1.094246441047193903e-26
6.742000000000000215e-01 9.788667142701089333e-27
6.746000000000000885e-01 8.225457941205098453e-27
6.750000000000000444e-01 6.290056072686250450e-27
6.754000000000000004e-01 4.801285404594830565e-27
6.757999999999999563e-01 3.945242270442264131e-27
6.762000000000000233e-01 3.424172536610266454e-27
6.766000000000000902e-01 2.791445002671413002e-27
6.770000000000000462e-01 2.233156002137130545e-27
6.774000000000000021e-01 2.047059668625702701e-27
6.777999999999999581e-01 1.972621135221132065e-27
6.782000000000000250e-01 2.121498202030274054e-27
6.786000000000000920e-01 2.679787202564556511e-27
6.790000000000000480e-01 3.721926670228551148e-27
6.794000000000000039e-01 5.322355138426827525e-27
6.797999999999999599e-01 7.332195540350245087e-27
6.802000000000000268e-01 9.193158875464519944e-27
6.805999999999999828e-01 1.034695614323537107e-26
6.810000000000000497e-01 1.105412221057879624e-26
6.814000000000000057e-01 1.276620847888392767e-26
6.817999999999999616e-01 1.637647734900562161e-26
6.822000000000000286e-01 2.076835081987531457e-26
6.825999999999999845e-01 2.270375268839416042e-26
6.830000000000000515e-01 2.166161322073016651e-26
6.833900000000000530e-01 2.095444715338674278e-26
6.837900000000000089e-01 2.017284255263874375e-26
6.841900000000000759e-01 1.782802875039475815e-26
6.845900000000000318e-01 1.589262688187591230e-26
6.849899999999999878e-01 1.574374981506676744e-26
6.853900000000000547e-01 1.533433788134163056e-26
6.857900000000000107e-01 1.395722501335706358e-26
6.861900000000000777e-01 1.284064701228850153e-26
6.865900000000000336e-01 1.339893601282278184e-26
6.869899999999999896e-01 1.217070021164736115e-26
6.873899999999999455e-01 1.016085980972394430e-26
6.877900000000000125e-01 9.416474475678232927e-27
6.881900000000000794e-01 9.453693742380519141e-27
6.885900000000000354e-01 9.602570809189661130e-27
6.889899999999999913e-01 8.858185475143951187e-27
6.893899999999999473e-01 7.220537740243389313e-27
6.897900000000000142e-01 6.364494606090822162e-27
6.901900000000000812e-01 6.550590939602250365e-27
6.905900000000000372e-01 6.773906539815963348e-27
6.909899999999999931e-01 6.625029473006819924e-27
6.913899999999999491e-01 6.401713872793106942e-27
6.917900000000000160e-01 6.364494606090822162e-27
6.921900000000000830e-01 6.773906539815963348e-27
6.925900000000000389e-01 7.071660673434245890e-27
6.929899999999999949e-01 7.481072607159387076e-27
6.933899999999999508e-01 8.002142340991384036e-27
6.937900000000000178e-01 8.858185475143951187e-27
6.941900000000000848e-01 1.004920200961708710e-26
6.945900000000000407e-01 1.127743781079250922e-26
6.949899999999999967e-01 1.358503234633421004e-26
6.953899999999999526e-01 1.719530121645590398e-26
6.957900000000000196e-01 2.121498202030274054e-26
6.961900000000000865e-01 2.612792522500442329e-26
6.965900000000000425e-01 3.264129689790439031e-26
6.969899999999999984e-01 3.759145936930836502e-26
6.973899999999999544e-01 3.867081810367464228e-26
6.977900000000000214e-01 4.027124657187292081e-26
6.981900000000000883e-01 4.470033930944489425e-26
6.985900000000000443e-01 5.069264124851285427e-26
6.989900000000000002e-01 6.115125519185509116e-26
6.993899999999999562e-01 7.544345360553272206e-26
6.997900000000000231e-01 8.634869874930237630e-26
7.001900000000000901e-01 9.241543922177491449e-26
7.005900000000000460e-01 9.822164482733146065e-26
7.009900000000000020e-01 1.074892422362005444e-25
7.013899999999999579e-01 1.173151286456039214e-25
7.017900000000000249e-01 1.284064701228849838e-25
7.021900000000000919e-01 1.364458317305786684e-25
7.025900000000000478e-01 1.307140646584267061e-25
7.029900000000000038e-01 1.187666800469930608e-25
7.033899999999999597e-01 1.125138432410090915e-25
7.037900000000000267e-01 1.171290323120924903e-25
7.041900000000000936e-01 1.266199453211752914e-25
7.045900000000000496e-01 1.223769489171147318e-25
7.049900000000000055e-01 1.012364054302165866e-25
7.053899999999999615e-01 8.296174547939438817e-26
7.057900000000000285e-01 7.622505820628072108e-26
7.061900000000000954e-01 7.540623433883043584e-26
7.065900000000000514e-01 7.447575267127330344e-26
7.069900000000000073e-01 6.941393239976247009e-26
7.073899999999999633e-01 6.312387632707622609e-26
7.077900000000000302e-01 5.765264412184025586e-26
7.081900000000000972e-01 5.195809631639056834e-26
7.085900000000000531e-01 4.801285404594830421e-26
7.089900000000000091e-01 4.637520631104774521e-26
7.093899999999999650e-01 4.462590077604032756e-26
7.097900000000000320e-01 4.246718330730776155e-26
7.101900000000000990e-01 3.807530983643807433e-26
7.105900000000000549e-01 3.301348956492724672e-26
7.109900000000000109e-01 3.025926382895811849e-26
7.113899999999999668e-01 2.951487849491240568e-26
7.117900000000000338e-01 3.051979869587411626e-26
7.121900000000001008e-01 3.249241983109525119e-26
7.125900000000000567e-01 3.234354276428610633e-26
7.129900000000000126e-01 2.977541336182840918e-26
7.133899999999999686e-01 2.798888856011870532e-26
7.137899999999999245e-01 2.836108122714155599e-26
7.141900000000001025e-01 3.126418402991982907e-26
7.145900000000000585e-01 3.613990796791923135e-26
7.149900000000000144e-01 4.399317324210146765e-26
7.153899999999999704e-01 5.757820558843568343e-26
7.157899999999999263e-01 7.894206467554756883e-26
7.161900000000001043e-01 1.074520229694982582e-25
7.165800000000001058e-01 1.377112867984563767e-25
7.169800000000000617e-01 1.779825333703293032e-25
7.173800000000000177e-01 2.197425506102936325e-25
7.177799999999999736e-01 2.554730466444877097e-25
7.181799999999999295e-01 2.952604427492309384e-25
7.185800000000001075e-01 3.191552119720982290e-25
7.189800000000000635e-01 3.500844226016974764e-25
7.193800000000000194e-01 4.015586684509583469e-25
7.197799999999999754e-01 4.583924887053482946e-25
7.201799999999999313e-01 4.962072636748703539e-25
7.205800000000001093e-01 5.047304757496937593e-25
7.209800000000000653e-01 5.221118732996611001e-25
7.213800000000000212e-01 5.569118876662980220e-25
7.217799999999999772e-01 5.755959595508453344e-25
7.221799999999999331e-01 5.731767072151968682e-25
7.225800000000001111e-01 5.970714764380641588e-25
7.229800000000000670e-01 6.479502140200883580e-25
7.233800000000000230e-01 7.101808279463097150e-25
7.237799999999999789e-01 7.808602154139499049e-25
7.241799999999999349e-01 8.611421736907797545e-25
7.245800000000000018e-01 1.038566418060574879e-24
7.249800000000000688e-01 1.268507047747294613e-24
7.253800000000000248e-01 1.458436965729057539e-24
7.257799999999999807e-01 1.490333877292916228e-24
7.261799999999999367e-01 1.375698535849877074e-24
7.265800000000000036e-01 1.462866058466629644e-24
7.269800000000000706e-01 1.702483697495943794e-24
7.273800000000000265e-01 1.746774624871663379e-24
7.277799999999999825e-01 1.585987392717789871e-24
7.281799999999999384e-01 1.322549422999013095e-24
7.285800000000000054e-01 1.137718544555463335e-24
7.289800000000000724e-01 1.104518958657024766e-24
7.293800000000000283e-01 1.086690929906629990e-24
7.297799999999999843e-01 1.028145023383934923e-24
7.301799999999999402e-01 9.271319335539320650e-25
7.305800000000000072e-01 7.989115597645584894e-25
7.309800000000000741e-01 6.840156834546031030e-25
7.313800000000000301e-01 6.106565087843983057e-25
7.317799999999999860e-01 5.751493283504178998e-25
7.321799999999999420e-01 5.562047215989546298e-25
7.325800000000000090e-01 5.400515598501627801e-25
7.329800000000000759e-01 4.941974232729469902e-25
7.333800000000000319e-01 4.222525807374290690e-25
7.337799999999999878e-01 3.752818661591447845e-25
7.341799999999999438e-01 3.406307288593169616e-25
7.345800000000000107e-01 2.993545620864823302e-25
7.349800000000000777e-01 2.851368022062092717e-25
7.353800000000000336e-01 2.664527303216619593e-25
7.357799999999999896e-01 2.160206239400651028e-25
7.361799999999999455e-01 1.917908813168772134e-25
7.365800000000000125e-01 1.940240373190143403e-25
7.369800000000000795e-01 1.763448856354287328e-25
7.373800000000000354e-01 1.470905420074323191e-25
7.377799999999999914e-01 1.291508554569307080e-25
7.381799999999999473e-01 1.119555542404748213e-25
7.385800000000000143e-01 9.375533282305719525e-26
7.389800000000000813e-01 7.935147660927270571e-26
7.393800000000000372e-01 6.565478646283163129e-26
7.397799999999999931e-01 5.322355138426827668e-26
7.401799999999999491e-01 4.574247877710888530e-26
7.405800000000000161e-01 3.721926670228550861e-26
7.409800000000000830e-01 2.817498489363013066e-26
7.413800000000000390e-01 2.341091875573758415e-26
7.417799999999999949e-01 1.961455355210446201e-26
7.421799999999999509e-01 1.559487274825762832e-26
7.425800000000000178e-01 1.325005894601363985e-26
7.429800000000000848e-01 1.131465707749479400e-26
7.433800000000000407e-01 8.746527675037093978e-27
7.437799999999999967e-01 6.848345073220532907e-27
7.441799999999999526e-01 6.029521205770251970e-27
7.445800000000000196e-01 5.545670738640540507e-27
7.449800000000000866e-01 5.471232205235969513e-27
7.453800000000000425e-01 5.471232205235969513e-27
7.457799999999999985e-01 5.136258804915400039e-27
7.461799999999999544e-01 4.726846871190259571e-27
7.465800000000000214e-01 5.285135871724542028e-27
7.469800000000000884e-01 5.694547805449682496e-27
7.473800000000000443e-01 4.801285404594830565e-27
7.477800000000000002e-01 4.875723937999401559e-27
7.481799999999999562e-01 5.285135871724542028e-27
7.485800000000000232e-01 4.615189071083403079e-27
7.489799999999999791e-01 4.242996404060548108e-27
7.493800000000000461e-01 4.726846871190259571e-27
7.497800000000000020e-01 5.880644138961110699e-27
7.501700000000000035e-01 5.657328538747396999e-27
7.505700000000000705e-01 4.280215670762833605e-27
7.509700000000000264e-01 3.684707403526265651e-27
7.513699999999999823e-01 3.573049603419408442e-27
7.517700000000000493e-01 4.056900070549120622e-27
7.521700000000000053e-01 5.285135871724542028e-27
7.525700000000000722e-01 5.024601004808543548e-27
7.529700000000000282e-01 3.498611070014838165e-27
7.533699999999999841e-01 2.679787202564556511e-27
7.537700000000000511e-01 2.828664269373698499e-27
7.541700000000000070e-01 3.498611070014838165e-27
7.545700000000000740e-01 4.205777137358261893e-27
7.549700000000000299e-01 4.540750537678832085e-27
7.553699999999999859e-01 4.912943204701687056e-27
7.557700000000000529e-01 5.545670738640540507e-27
7.561700000000000088e-01 6.401713872793106942e-27
7.565700000000000758e-01 7.629949673968529064e-27
7.569700000000000317e-01 8.820966208441664973e-27
7.573699999999999877e-01 9.900324942807945107e-27
7.577699999999999436e-01 1.150075341100622220e-26
7.581700000000000106e-01 1.280342774558621388e-26
7.585700000000000776e-01 1.384556721325020780e-26
7.589700000000000335e-01 1.525989934793705813e-26
7.593699999999999894e-01 1.734417828326504884e-26
7.597699999999999454e-01 1.898182601816560784e-26
7.601700000000000124e-01 2.315038388882158639e-26
7.605700000000000793e-01 2.899380876108041016e-26
7.609700000000000353e-01 3.241798129769067302e-26
7.613699999999999912e-01 3.535830336717123232e-26
7.617699999999999472e-01 3.997349243825463109e-26
7.621700000000000141e-01 4.135060530623919807e-26
7.625700000000000811e-01 4.161114017315519584e-26
7.629700000000000371e-01 4.343488424156718591e-26
7.633699999999999930e-01 4.659852191126145676e-26
7.637699999999999489e-01 5.143702658255856708e-26
7.641700000000000159e-01 5.646162758736711995e-26
7.645700000000000829e-01 5.828537165577909855e-26
7.649700000000000388e-01 5.850868725599281584e-26
7.653699999999999948e-01 5.754098632173338574e-26
7.657699999999999507e-01 5.445178718544369880e-26
7.661700000000000177e-01 5.478676058576426326e-26
7.665700000000000847e-01 6.178398272579394533e-26
7.669700000000000406e-01 6.625029473006819924e-26
7.673699999999999966e-01 5.914141478993168149e-26
7.677699999999999525e-01 5.162312291606999241e-26
7.681700000000000195e-01 5.039488711489457603e-26
7.685700000000000864e-01 5.374462111810027221e-26
7.689700000000000424e-01 5.646162758736711995e-26
7.693699999999999983e-01 5.489841838587112190e-26
7.697699999999999543e-01 5.259082385032942251e-26
7.701700000000000212e-01 5.348408625118426870e-26
7.705700000000000882e-01 5.750376705503111100e-26
7.709700000000000442e-01 5.962526525706139080e-26
7.713700000000000001e-01 5.910419552322938379e-26
7.717699999999999561e-01 6.036965059110709213e-26
7.721700000000000230e-01 6.703189933081619827e-26
7.725700000000000900e-01 8.195682527843269482e-26
7.729700000000000459e-01 9.933822282840002413e-26
7.733700000000000019e-01 1.051072091672542726e-25
7.737699999999999578e-01 9.885437236127030334e-26
7.741700000000000248e-01 9.107554562049263372e-26
7.745700000000000918e-01 8.940067861888978850e-26
7.749700000000000477e-01 9.535576129125546804e-26
7.753700000000000037e-01 1.043256045665062850e-25
7.757699999999999596e-01 1.115461423067496729e-25
7.761700000000000266e-01 1.172779093789016352e-25
7.765700000000000935e-01 1.200321351148707691e-25
7.769700000000000495e-01 1.249078590528701714e-25
7.773700000000000054e-01 1.323144931266249674e-25
7.777699999999999614e-01 1.402421969342117934e-25
7.781700000000000284e-01 1.480582429416917377e-25
7.785700000000000953e-01 1.539388870806528678e-25
7.789700000000000513e-01 1.629087303559036618e-25
7.793700000000000072e-01 1.830815729085424228e-25
7.797699999999999632e-01 2.090978403334399588e-25
7.801700000000000301e-01 2.405481206968712132e-25
7.805700000000000971e-01 2.751620387299967499e-25
7.809700000000000530e-01 2.883004398759035081e-25
7.813700000000000090e-01 2.915385160790023629e-25
7.817699999999999649e-01 2.929528482136892390e-25
7.821699999999999209e-01 2.923201206797503734e-25
7.825700000000000989e-01 2.962281436834903800e-25
7.829700000000000548e-01 3.165126440362359537e-25
7.833600000000000563e-01 3.613618604124899699e-25
7.837600000000000122e-01 3.825024038993881724e-25
7.841599999999999682e-01 3.242170322436090624e-25
7.845599999999999241e-01 2.614281293168534122e-25
7.849600000000001021e-01 2.403992436300621142e-25
7.853600000000000581e-01 2.541331530432054519e-25
7.857600000000000140e-01 2.706585074590202098e-25
7.861599999999999699e-01 2.727055671276459056e-25
7.865599999999999259e-01 2.675320890560282136e-25
7.869600000000001039e-01 2.565524053788540099e-25
7.873600000000000598e-01 2.473592465033894527e-25
7.877600000000000158e-01 2.351513270250398498e-25
7.881599999999999717e-01 2.229806268133924413e-25
7.885599999999999277e-01 2.163183780736833926e-25
7.889600000000001057e-01 2.140107835381416472e-25
7.893600000000000616e-01 2.153134578727216648e-25
7.897600000000000176e-01 2.126708899368593894e-25
7.901599999999999735e-01 2.149784844724010888e-25
7.905599999999999294e-01 2.217523910122170421e-25
7.909600000000001074e-01 2.277446929512850308e-25
7.913600000000000634e-01 2.417763564980466582e-25
7.917600000000000193e-01 2.623213917177082354e-25
7.921599999999999753e-01 2.862905994739801444e-25
7.925599999999999312e-01 3.114880430314274066e-25
7.929599999999999982e-01 3.244031285771204934e-25
7.933600000000000652e-01 3.123813054322822757e-25
7.937600000000000211e-01 3.115624815648319790e-25
7.941599999999999770e-01 3.358666627214244179e-25
7.945599999999999330e-01 3.606546943451465777e-25
7.949600000000000000e-01 3.715599394889162090e-25
7.953600000000000669e-01 3.737186569576487635e-25
7.957600000000000229e-01 3.702944844210385236e-25
7.961599999999999788e-01 3.687312752195425485e-25
7.965599999999999348e-01 3.867454003034486631e-25
7.969600000000000017e-01 4.060249804552326008e-25
7.973600000000000687e-01 4.046850868539502971e-25
7.977600000000000247e-01 3.984694693146686370e-25
7.981599999999999806e-01 3.863732076364258469e-25
7.985599999999999365e-01 3.804553442307624765e-25
7.989600000000000035e-01 3.814230451650218722e-25
7.993600000000000705e-01 3.596125548774825637e-25
7.997600000000000264e-01 3.415612105268740710e-25
8.001599999999999824e-01 3.435338316620952404e-25
8.005599999999999383e-01 3.197135009726325222e-25
8.009600000000000053e-01 2.953721005493377971e-25
8.013600000000000723e-01 3.101481494301451488e-25
8.017600000000000282e-01 3.121952090987708446e-25
8.021599999999999842e-01 2.869977655413235365e-25
8.025599999999999401e-01 2.708446037925316408e-25
8.029600000000000071e-01 2.601254549822733947e-25
8.033600000000000740e-01 2.493690869053129083e-25
8.037600000000000300e-01 2.509322961068088834e-25
8.041599999999999859e-01 2.479919740373283183e-25
8.045599999999999419e-01 2.267025534836210168e-25
8.049600000000000088e-01 2.128197670036685343e-25
8.053600000000000758e-01 2.083162357326919942e-25
8.057600000000000318e-01 1.995697080576548945e-25
8.061599999999999877e-01 1.859846757113206787e-25
8.065599999999999437e-01 1.689382515616739368e-25
8.069600000000000106e-01 1.556137540822557245e-25
8.073600000000000776e-01 1.512590998780883063e-25
8.077600000000000335e-01 1.473882961410506088e-25
8.081599999999999895e-01 1.389395225996317988e-25
8.085599999999999454e-01 1.408004859347460866e-25
8.089600000000000124e-01 1.504402760106380325e-25
8.093600000000000794e-01 1.434430538706083619e-25
8.097600000000000353e-01 1.303418719914038440e-25
8.101599999999999913e-01 1.262477526541524522e-25
8.105599999999999472e-01 1.244240085857404506e-25
8.109600000000000142e-01 1.177245405793290698e-25
8.113600000000000811e-01 1.033579036322468549e-25
8.117600000000000371e-01 9.092666855368348886e-26
8.121599999999999930e-01 8.456217394759267244e-26
8.125599999999999490e-01 8.136131701119611538e-26
8.129600000000000160e-01 7.778826740777670766e-26
8.133600000000000829e-01 7.019553700051045763e-26
8.137600000000000389e-01 6.159788639228251425e-26
8.141599999999999948e-01 5.705713585460367643e-26
8.145599999999999508e-01 5.694547805449682927e-26
8.149600000000000177e-01 5.434012938533684016e-26
8.153600000000000847e-01 4.823616964616201576e-26
8.157600000000000406e-01 4.466312004274260804e-26
8.161599999999999966e-01 4.079231630570491634e-26
8.165499999999999980e-01 3.759145936930836502e-26
8.169500000000000650e-01 3.573049603419408873e-26
8.173500000000000210e-01 3.394397123248438486e-26
8.177499999999999769e-01 3.037092162906497714e-26
8.181500000000000439e-01 2.657455642543185213e-26
8.185499999999999998e-01 2.218268295456216203e-26
8.189500000000000668e-01 2.207102515445530626e-26
8.193500000000000227e-01 2.199658662105073383e-26
8.197499999999999787e-01 1.790246728379932771e-26
8.201500000000000457e-01 1.641369661570790782e-26
8.205500000000000016e-01 1.663701221592161937e-26
8.209500000000000686e-01 1.566931128166219788e-26
8.213500000000000245e-01 1.347337454622735427e-26
8.217499999999999805e-01 1.228235801175421836e-26
8.221500000000000474e-01 1.142631487760165121e-26
8.225500000000000034e-01 1.150075341100622220e-26
8.229500000000000703e-01 1.109134147728108101e-26
8.233500000000000263e-01 9.900324942807945107e-27
8.237499999999999822e-01 9.974763476212516101e-27
8.241500000000000492e-01 9.677009342594232124e-27
8.245500000000000052e-01 9.304816675571377153e-27
8.249500000000000721e-01 8.709308408334809199e-27
8.253500000000000281e-01 9.007062541953093176e-27
8.257499999999999840e-01 8.969843275250806961e-27
8.261499999999999400e-01 8.485992808121096216e-27
8.265500000000000069e-01 8.188238674502810804e-27
8.269500000000000739e-01 8.895404741846237402e-27
8.273500000000000298e-01 8.672089141632524419e-27
8.277499999999999858e-01 7.332195540350245087e-27
8.281499999999999417e-01 6.699468006411390919e-27
8.285500000000000087e-01 6.699468006411390919e-27
8.289500000000000757e-01 6.364494606090822162e-27
8.293500000000000316e-01 5.545670738640540507e-27
8.297499999999999876e-01 4.912943204701687056e-27
8.301499999999999435e-01 4.801285404594830565e-27
8.305500000000000105e-01 4.466312004274261091e-27
8.309500000000000774e-01 3.982461537144548911e-27
8.313500000000000334e-01 4.056900070549120622e-27
8.317499999999999893e-01 4.875723937999401559e-27
8.321499999999999453e-01 6.141179005877109179e-27
8.325500000000000123e-01 7.964923074289097821e-27
8.329500000000000792e-01 1.030973687653308486e-26
8.333500000000000352e-01 1.488770668091420459e-26
8.337499999999999911e-01 2.061947375306616972e-26
8.341499999999999471e-01 2.906824729448498259e-26
8.345500000000000140e-01 4.429092737571975163e-26
8.349500000000000810e-01 6.215617539281679599e-26
8.353500000000000369e-01 8.143575554460068781e-26
8.357499999999999929e-01 1.005664586295754348e-25
8.361499999999999488e-01 1.179850754462450503e-25
8.365500000000000158e-01 1.360736390635558062e-25
8.369500000000000828e-01 1.527106512794774457e-25
8.373500000000000387e-01 1.734045635659481677e-25
8.377499999999999947e-01 2.048548439293794221e-25
8.381499999999999506e-01 2.625819265846242389e-25
8.385500000000000176e-01 2.951115656824217936e-25
8.389500000000000846e-01 2.724078129940276159e-25
8.393500000000000405e-01 2.370495096268564008e-25
8.397499999999999964e-01 2.239111084809496426e-25
8.401499999999999524e-01 2.408458748304895029e-25
8.405500000000000194e-01 2.820476030699196078e-25
8.409500000000000863e-01 3.416728683269809756e-25
8.413500000000000423e-01 3.710388697550842479e-25
8.417499999999999982e-01 3.494889143344608970e-25
8.421499999999999542e-01 2.682764743900739379e-25
8.425500000000000211e-01 1.914186886498543512e-25
8.429500000000000881e-01 1.772381480362836019e-25
8.433500000000000441e-01 1.955872465205103384e-25
8.437500000000000000e-01 2.285262975520329954e-25
8.441499999999999559e-01 2.403620243633598280e-25
8.445500000000000229e-01 2.098422256674856830e-25
8.449500000000000899e-01 1.714319424307270443e-25
8.453500000000000458e-01 1.431825190036923354e-25
8.457500000000000018e-01 1.244984471191450231e-25
8.461499999999999577e-01 1.191388727140159000e-25
8.465500000000000247e-01 1.204787663152981808e-25
8.469500000000000917e-01 1.237912810518016079e-25
8.473500000000000476e-01 1.269549187214958673e-25
8.477500000000000036e-01 1.209626167824279016e-25
8.481499999999999595e-01 1.170545937786879179e-25
8.485500000000000265e-01 1.044000430999108575e-25
8.489500000000000934e-01 9.222934288826348342e-26
8.493500000000000494e-01 9.129886122070635101e-26
8.497400000000000508e-01 1.019807907642622994e-25
8.501400000000000068e-01 1.151191919101690807e-25
8.505399999999999627e-01 1.180967332463519319e-25
8.509400000000000297e-01 1.269921379881981535e-25
8.513400000000000967e-01 1.329100013938615468e-25
8.517400000000000526e-01 1.419170639358146271e-25
8.521400000000000086e-01 1.604894780202551268e-25
8.525399999999999645e-01 1.766054205023447133e-25
8.529400000000000315e-01 2.074974118652416974e-25
8.533400000000000984e-01 2.439350739667792128e-25
8.537400000000000544e-01 2.619119797839831330e-25
8.541400000000000103e-01 2.945904959485897866e-25
8.545399999999999663e-01 3.442782169961409647e-25
8.549400000000000333e-01 3.425661307278357988e-25
8.553400000000001002e-01 3.380625994568592587e-25
8.557400000000000562e-01 3.793015469629915579e-25
8.561400000000000121e-01 4.288403909437335912e-25
8.565399999999999681e-01 4.795330321922464971e-25
8.569400000000000350e-01 5.592939207352442479e-25
8.573400000000001020e-01 6.344768394738611157e-25
8.577400000000000579e-01 6.932460615967699006e-25
8.581400000000000139e-01 7.413333541761227715e-25
8.585399999999999698e-01 7.474373139152975270e-25
8.589400000000000368e-01 7.681684454684705353e-25
8.593400000000001038e-01 8.254861161899903874e-25
8.597400000000000597e-01 9.309655180242674074e-25
8.601400000000000157e-01 1.102955749455528653e-24
8.605399999999999716e-01 1.239773773853130206e-24
8.609400000000000386e-01 1.362039064970138171e-24
8.613399999999999945e-01 1.539128335939612583e-24
8.617400000000000615e-01 1.753995162611906813e-24
8.621400000000000174e-01 1.830369097884996472e-24
8.625399999999999734e-01 1.726601782319024894e-24
8.629400000000000404e-01 1.690275778017594283e-24
8.633399999999999963e-01 1.778969290569140541e-24
8.637400000000000633e-01 1.793373146782924801e-24
8.641400000000000192e-01 1.684692888012251259e-24
8.645399999999999752e-01 1.631134363227662452e-24
8.649400000000000421e-01 1.643826133173141638e-24
8.653399999999999981e-01 1.564995726297700813e-24
8.657400000000000651e-01 1.394122072867508246e-24
8.661400000000000210e-01 1.356046763031070320e-24
8.665399999999999769e-01 1.364048905372061535e-24
8.669400000000000439e-01 1.258495065004379851e-24
8.673399999999999999e-01 1.084122800504172288e-24
8.677400000000000668e-01 9.085223002027891414e-25
8.681400000000000228e-01 8.214292161194410523e-25
8.685399999999999787e-01 7.621017049959981119e-25
8.689400000000000457e-01 7.190390134214537422e-25
8.693400000000000016e-01 7.029975094727687051e-25
8.697400000000000686e-01 6.662248739709105680e-25
8.701400000000000245e-01 6.374171615433415889e-25
8.705399999999999805e-01 5.906325432985686896e-25
8.709400000000000475e-01 5.355480285791861940e-25
8.713400000000000034e-01 4.855997726647190124e-25
8.717400000000000704e-01 4.418299150228312505e-25
8.721400000000000263e-01 4.228480890046656484e-25
8.725399999999999823e-01 4.112728970602548653e-25
8.729400000000000492e-01 3.838422975006704761e-25
8.733400000000000052e-01 3.707783348881681985e-25
8.737400000000000722e-01 3.922166325086846907e-25
8.741400000000000281e-01 4.063971731222555089e-25
8.745399999999999840e-01 3.859637957027006985e-25
8.749400000000000510e-01 3.685451788860310715e-25
8.753400000000000070e-01 3.843261479678001510e-25
8.757400000000000739e-01 3.988044427149891671e-25
8.761400000000000299e-01 4.014842299175537745e-25
8.765399999999999858e-01 4.138782457294149003e-25
8.769400000000000528e-01 4.309618891457638595e-25
8.773400000000000087e-01 4.579830767716231003e-25
8.777400000000000757e-01 4.892844800682453017e-25
8.781400000000000317e-01 4.965050178084887355e-25
8.785399999999999876e-01 5.221863118330656726e-25
8.789400000000000546e-01 6.009422801751018333e-25
8.793400000000000105e-01 7.773616043439350925e-25
8.797400000000000775e-01 1.184354285733427181e-24
8.801400000000000334e-01 1.709443700369271178e-24
8.805399999999999894e-01 2.090978403334400047e-24
8.809400000000000563e-01 2.809124154354998644e-24
8.813400000000000123e-01 4.640051541240529088e-24
8.817400000000000793e-01 7.147401881173396431e-24
8.821400000000000352e-01 8.863842803682698703e-24
8.825399999999999912e-01 9.871963861580803367e-24
8.829400000000000581e-01 1.098664368004755131e-23
8.833300000000000596e-01 1.175261618878058672e-23
8.837300000000000155e-01 1.080155226673708550e-23
8.841299999999999715e-01 8.792716785014629334e-24
8.845300000000000384e-01 6.949320943783834064e-24
8.849299999999999944e-01 6.301780141697470533e-24
8.853300000000000614e-01 6.653278896433856217e-24
8.857300000000000173e-01 7.280386321100664111e-24
8.861299999999999732e-01 8.958081986972885746e-24
8.865300000000000402e-01 1.324883071021246574e-23
8.869299999999999962e-01 1.754266863258833314e-23
8.873300000000000631e-01 1.700890712881085705e-23
8.877300000000000191e-01 1.471147345307887992e-23
8.881299999999999750e-01 1.223691328711072521e-23
8.885300000000000420e-01 1.017284441360207980e-23
8.889299999999999979e-01 9.853986955763599263e-24
8.893300000000000649e-01 9.568403522356962695e-24
8.897300000000000209e-01 9.055857000599788555e-24
8.901299999999999768e-01 9.720779200236119610e-24
8.905300000000000438e-01 9.946402394985375062e-24
8.909299999999999997e-01 9.994713003164941742e-24
8.913300000000000667e-01 9.427751913489026166e-24
8.917300000000000226e-01 8.420561337258477510e-24
8.921299999999999786e-01 8.658243574419272042e-24
8.925300000000000455e-01 8.957225943838732749e-24
8.929300000000000015e-01 9.071005242147619457e-24
8.933300000000000685e-01 1.033664640635883918e-23
8.937300000000000244e-01 1.147600259864920182e-23
8.941299999999999804e-01 1.105788135651572740e-23
8.945299999999999363e-01 1.045556196347263946e-23
8.949300000000000033e-01 1.033151014755392267e-23
8.953300000000000702e-01 1.089661027389472329e-23
8.957300000000000262e-01 1.068501874269223154e-23
8.961299999999999821e-01 8.757135166047246468e-24
8.965299999999999381e-01 6.756674019332804658e-24
8.969300000000000050e-01 5.468850172167023270e-24
8.973300000000000720e-01 5.195400219705331732e-24
8.977300000000000280e-01 5.377476872412912404e-24
8.981299999999999839e-01 5.533239503561977595e-24
8.985299999999999399e-01 6.006184725547918835e-24
8.989300000000000068e-01 6.056914586063134073e-24
8.993300000000000738e-01 5.465239903296901553e-24
8.997300000000000297e-01 4.792203903519473297e-24
9.001299999999999857e-01 4.091513988582245970e-24
9.005299999999999416e-01 3.620801922598441351e-24
9.009300000000000086e-01 3.276858679002620733e-24
9.013300000000000756e-01 2.857211446934351515e-24
9.017300000000000315e-01 2.432614052394678461e-24
9.021299999999999875e-01 2.222883484527299820e-24
9.025299999999999434e-01 2.084576689461606634e-24
9.029300000000000104e-01 1.756823826881280749e-24
9.033300000000000773e-01 1.398551165605080167e-24
9.037300000000000333e-01 1.162506576179185678e-24
9.041299999999999892e-01 1.122681960807740071e-24
9.045299999999999452e-01 1.092087723578461446e-24
9.049300000000000122e-01 8.909920255860126557e-25
9.053300000000000791e-01 7.415194505096341567e-25
9.057300000000000351e-01 6.910873441280373001e-25
9.061299999999999910e-01 6.350723477410976033e-25
9.065299999999999470e-01 5.533760573295808775e-25
9.069300000000000139e-01 4.938624498726263683e-25
9.073300000000000809e-01 4.547077813018220053e-25
9.077300000000000368e-01 4.160369631981474089e-25
9.081299999999999928e-01 3.911000545076161043e-25
9.085299999999999487e-01 3.711133082884887744e-25
9.089300000000000157e-01 3.236587432430747691e-25
9.093300000000000827e-01 2.886726325429263703e-25
9.097300000000000386e-01 2.881515628090944092e-25
9.101299999999999946e-01 2.903847188112315361e-25
9.105299999999999505e-01 3.042302860244817325e-25
9.109300000000000175e-01 3.440176821292249612e-25
9.113300000000000844e-01 3.651582256161231178e-25
9.117300000000000404e-01 3.558161896738494157e-25
9.121299999999999963e-01 3.634461393478179979e-25
9.125299999999999523e-01 4.053550336545914490e-25
9.129300000000000193e-01 4.314085203461912941e-25
9.133300000000000862e-01 3.936309646433715669e-25
9.137300000000000422e-01 3.433105160618815231e-25
9.141299999999999981e-01 3.270084772462804825e-25
9.145299999999999541e-01 3.216489028411513595e-25
9.149300000000000210e-01 3.089943521623743220e-25
9.153300000000000880e-01 2.911291041452772604e-25
9.157300000000000439e-01 3.164009862361290951e-25
9.161299999999999999e-01 3.334101911190735737e-25
9.165200000000000014e-01 2.910174463451704018e-25
9.169199999999999573e-01 2.590833155146094266e-25
9.173200000000000243e-01 2.295312177529947232e-25
9.177200000000000912e-01 2.008351631255325798e-25
9.181200000000000472e-01 1.959222199208309143e-25
9.185200000000000031e-01 2.041104585953337208e-25
9.189199999999999591e-01 1.929074593179457768e-25
9.193200000000000260e-01 1.881806124467555424e-25
9.197200000000000930e-01 1.890366555809081023e-25
9.201200000000000490e-01 1.675983579603916330e-25
9.205200000000000049e-01 1.498447677434014531e-25
9.209199999999999608e-01 1.459739640063637556e-25
9.213200000000000278e-01 1.392000574665478023e-25
9.217200000000000948e-01 1.230841149844581699e-25
9.221200000000000507e-01 1.154541653104896336e-25
9.225200000000000067e-01 1.156774809107033739e-25
9.229199999999999626e-01 1.038789733660788505e-25
9.233200000000000296e-01 9.215490435485891099e-26
9.237200000000000966e-01 8.776303088398922950e-26
9.241200000000000525e-01 8.322228034631039167e-26
9.245200000000000085e-01 7.164708840189960852e-26
9.249199999999999644e-01 6.297499926026706976e-26
9.253200000000000314e-01 6.941393239976247009e-26
9.257200000000000983e-01 7.447575267127330344e-26
9.261200000000000543e-01 7.172152693530418095e-26
9.265200000000000102e-01 6.494762039548820469e-26
9.269199999999999662e-01 5.381905965150484464e-26
9.273200000000000331e-01 5.184643851628370970e-26
9.277200000000001001e-01 5.240472751681800292e-26
9.281200000000000561e-01 4.265327964081918689e-26
9.285200000000000120e-01 3.401840976588895155e-26
9.289199999999999680e-01 3.100364916300382557e-26
9.293200000000000349e-01 2.981263262853069540e-26
9.297200000000001019e-01 3.044536016246954383e-26
9.301200000000000578e-01 3.033370236236269092e-26
9.305200000000000138e-01 2.609070595830213708e-26
9.309199999999999697e-01 2.151273615392102165e-26
9.313200000000000367e-01 1.913070308497475270e-26
9.317199999999999926e-01 1.857241408444046809e-26
9.321200000000000596e-01 1.916792235167703604e-26
9.325200000000000156e-01 1.905626455157018027e-26
9.329199999999999715e-01 1.749305535007418796e-26
9.333200000000000385e-01 1.518546081453248857e-26
9.337199999999999944e-01 1.235679654515878792e-26
9.341200000000000614e-01 9.230378142166806158e-27
9.345200000000000173e-01 7.927703807586813041e-27
9.349199999999999733e-01 7.369414807052531302e-27
9.353200000000000403e-01 5.582890005342826005e-27
9.357199999999999962e-01 5.545670738640540507e-27
9.361200000000000632e-01 6.885564339922819122e-27
9.365200000000000191e-01 5.880644138961110699e-27
9.369199999999999751e-01 4.652408337785688576e-27
9.373200000000000420e-01 5.806205605556538987e-27
9.377199999999999980e-01 7.406634073754816082e-27
9.381200000000000649e-01 6.364494606090822162e-27
9.385200000000000209e-01 4.577969804381117582e-27
9.389199999999999768e-01 4.131338603953691617e-27
9.393200000000000438e-01 4.577969804381117582e-27
9.397199999999999998e-01 5.210697338319971033e-27
9.401200000000000667e-01 6.811125806518248127e-27
9.405200000000000227e-01 9.081501075357664170e-27
9.409199999999999786e-01 1.157519194441079320e-26
9.413200000000000456e-01 1.369669014644106581e-26
9.417200000000000015e-01 1.481326814750963216e-26
9.421200000000000685e-01 1.842353701763132610e-26
9.425200000000000244e-01 2.337369948903529794e-26
9.429199999999999804e-01 3.182247303045411081e-26
9.433200000000000474e-01 3.710760890217864997e-26
9.437200000000000033e-01 3.509776850025522882e-26
9.441200000000000703e-01 3.889413370388835383e-26
9.445200000000000262e-01 4.443980444252889649e-26
9.449199999999999822e-01 4.898055498020772857e-26
9.453200000000000491e-01 5.162312291606999241e-26
9.457200000000000051e-01 5.434012938533684016e-26
9.461200000000000720e-01 6.643639106357963032e-26
9.465200000000000280e-01 9.103832635379035899e-26
9.469199999999999839e-01 1.127743781079250951e-25
9.473200000000000509e-01 1.494725750763786139e-25
9.477200000000000069e-01 1.801784701057641210e-25
9.481200000000000738e-01 1.177617598460313560e-25
9.485200000000000298e-01 8.244067574556240413e-26
9.489199999999999857e-01 7.827211787490641697e-26
9.493200000000000527e-01 6.781350393156419730e-26
9.497200000000000086e-01 7.116323793476989921e-26
9.501100000000000101e-01 8.954955568569893336e-26
9.505099999999999660e-01 1.137420790421845137e-25
9.509100000000000330e-01 1.461972796065774729e-25
9.513099999999999890e-01 1.986020071233954529e-25
9.517100000000000559e-01 2.082790164659897080e-25
9.521100000000000119e-01 1.428475456033717595e-25
9.525099999999999678e-01 1.054794018342771118e-25
9.529100000000000348e-01 1.022785448978805662e-25
9.533099999999999907e-01 9.974763476212516101e-26
9.537100000000000577e-01 9.706784755956059948e-26
9.541100000000000136e-01 9.881715309456802860e-26
9.545099999999999696e-01 1.094990826381239770e-25
9.549100000000000366e-01 1.163846469780467660e-25
9.553099999999999925e-01 1.215953443163667442e-25
9.557100000000000595e-01 1.348454032623804070e-25
9.561100000000000154e-01 1.463833759400889040e-25
9.565099999999999714e-01 1.637275542233539586e-25
9.569100000000000383e-01 1.965177281880674937e-25
9.573099999999999943e-01 2.060458604638525580e-25
9.577100000000000612e-01 1.738139754996733390e-25
9.581100000000000172e-01 1.659607102254910855e-25
9.585099999999999731e-01 1.877339812463280848e-25
9.589100000000000401e-01 2.118148468027068524e-25
9.593099999999999961e-01 2.464659841025346294e-25
9.597100000000000630e-01 2.608326210496168328e-25
9.601100000000000190e-01 2.728172249277527643e-25
9.605099999999999749e-01 3.218722184413650768e-25
9.609100000000000419e-01 3.604685980116351466e-25
9.613099999999999978e-01 3.767706368272361872e-25
9.617100000000000648e-01 4.242624211393524327e-25
9.621100000000000207e-01 5.126953988239828256e-25
9.625099999999999767e-01 5.980019581056212682e-25
9.629100000000000437e-01 6.814103347854430680e-25
9.633099999999999996e-01 8.133898545117475054e-25
9.637100000000000666e-01 8.652735122947335702e-25
9.641100000000000225e-01 7.954873872279482495e-25
9.645099999999999785e-01 8.525817423492542006e-25
9.649099999999999344e-01 1.017202558973462868e-24
9.653100000000000014e-01 1.107570938526612144e-24
9.657100000000000684e-01 1.157854167841399763e-24
9.661100000000000243e-01 1.176910432392970122e-24
9.665099999999999802e-01 1.213199217427698308e-24
9.669099999999999362e-01 1.205234294353409334e-24
9.673100000000000032e-01 1.114940353333664722e-24
9.677100000000000701e-01 1.056059473410649125e-24
9.681100000000000261e-01 1.057101612878312955e-24
9.685099999999999820e-01 1.165372459715261487e-24
9.689099999999999380e-01 1.340786863683133064e-24
9.693100000000000049e-01 1.334980658077576599e-24
9.697100000000000719e-01 1.348528471157208597e-24
9.701100000000000279e-01 1.718711297778140032e-24
9.705099999999999838e-01 2.552943941643167542e-24
9.709099999999999397e-01 2.594108450615895269e-24
9.713100000000000067e-01 1.803422348792541804e-24
9.717100000000000737e-01 1.451514182122432578e-24
9.721100000000000296e-01 1.299064065709870998e-24
9.725099999999999856e-01 1.191574823473670431e-24
9.729099999999999415e-01 1.239997089453344016e-24
9.733100000000000085e-01 1.361555214503008313e-24
9.737100000000000755e-01 1.493125322295587740e-24
9.741100000000000314e-01 1.577464180642966557e-24
9.745099999999999874e-01 1.425721230297748645e-24
9.749099999999999433e-01 1.266162233945050719e-24
9.753100000000000103e-01 1.154132241171171326e-24
9.757100000000000772e-01 1.056841078011397089e-24
9.761100000000000332e-01 1.082820126169592224e-24
9.765099999999999891e-01 1.097410078716888237e-24
9.769099999999999451e-01 1.079917023366813991e-24
9.773100000000000120e-01 1.198944238280723010e-24
9.777100000000000790e-01 1.237131205917268023e-24
9.781100000000000350e-01 1.106900991725971084e-24
9.785099999999999909e-01 1.113786556065893804e-24
9.789099999999999469e-01 1.220866386368369177e-24
9.793100000000000138e-01 1.259127792538318671e-24
9.797100000000000808e-01 1.242453561055694814e-24
9.801100000000000367e-01 1.362262380570351797e-24
9.805099999999999927e-01 1.658155550853521601e-24
9.809099999999999486e-01 1.729914297055527953e-24
9.813100000000000156e-01 1.836621934690980556e-24
9.817100000000000826e-01 2.223255677194322590e-24
9.821100000000000385e-01 2.380432640478074014e-24
9.825099999999999945e-01 2.630992743917860219e-24
9.829099999999999504e-01 3.401394345388468111e-24
9.832999999999999519e-01 3.708043883748598401e-24
9.837000000000000188e-01 3.401208249054956175e-24
9.841000000000000858e-01 3.542380927656725537e-24
9.845000000000000417e-01 3.465932553850231397e-24
9.848999999999999977e-01 2.889778305298851448e-24
9.852999999999999536e-01 2.931724418872327323e-24
9.857000000000000206e-01 3.113428878912884857e-24
9.861000000000000876e-01 3.149568786880803899e-24
9.865000000000000435e-01 3.473897476924520371e-24
9.868999999999999995e-01 3.911000545076160859e-24
9.872999999999999554e-01 4.970000340556291192e-24
9.877000000000000224e-01 6.402942108594282352e-24
9.881000000000000894e-01 7.402912147084587575e-24
9.885000000000000453e-01 7.569393927043909726e-24
9.889000000000000012e-01 6.611072247993462823e-24
9.892999999999999572e-01 5.532197364094313397e-24
9.897000000000000242e-01 5.226776061535358506e-24
9.901000000000000911e-01 5.263102065836789117e-24
9.905000000000000471e-01 4.981054462766869050e-24
9.909000000000000030e-01 4.643773467910758261e-24
9.912999999999999590e-01 4.570935362974385838e-24
9.917000000000000259e-01 4.363065758442121048e-24
9.921000000000000929e-01 3.889078396988514876e-24
9.925000000000000488e-01 3.772470434410254232e-24
9.929000000000000048e-01 4.018192033178742953e-24
9.932999999999999607e-01 4.066465422091608128e-24
9.937000000000000277e-01 3.992659616220975253e-24
9.941000000000000947e-01 3.963628588193192557e-24
9.945000000000000506e-01 3.941818097905653294e-24
9.949000000000000066e-01 4.189586756342768171e-24
9.952999999999999625e-01 4.623488967558012320e-24
9.957000000000000295e-01 5.104696866751861926e-24
9.961000000000000965e-01 4.787216521781366485e-24
9.965000000000000524e-01 3.803027452372830984e-24
9.969000000000000083e-01 3.110488556843404568e-24
9.972999999999999643e-01 2.718644117001742647e-24
9.977000000000000313e-01 2.748828942297296262e-24
9.981000000000000982e-01 3.246636634440365245e-24
9.985000000000000542e-01 3.659249425101901863e-24
9.989000000000000101e-01 3.427075639413045507e-24
9.992999999999999661e-01 2.788579119135337021e-24
9.997000000000000330e-01 2.505340499530944530e-24
1.000099999999999989e+00 2.521903073213461666e-24
1.000499999999999945e+00 2.585585238541071956e-24
1.000899999999999901e+00 2.670184631755367006e-24
1.001300000000000079e+00 2.755379533236898636e-24
1.001700000000000035e+00 2.831083521709346868e-24
1.002099999999999991e+00 2.711758552661819744e-24
1.002499999999999947e+00 2.505861569264776629e-24
1.002899999999999903e+00 2.344776582977284831e-24
1.003300000000000081e+00 2.309604375943624771e-24
1.003700000000000037e+00 2.555474851778922821e-24
1.004099999999999993e+00 3.152285793350071114e-24
1.004499999999999948e+00 3.784008407087963418e-24
1.004899999999999904e+00 4.179984185533578419e-24
1.005300000000000082e+00 4.459835851868063370e-24
1.005700000000000038e+00 4.767676406762666084e-24
1.006099999999999994e+00 4.928426419649838087e-24
1.006499999999999950e+00 4.707418413971666310e-24
1.006899999999999906e+00 4.568106698705011902e-24
1.007300000000000084e+00 4.778023362905902111e-24
1.007700000000000040e+00 4.974987722294396534e-24
1.008099999999999996e+00 5.135030569114224502e-24
1.008499999999999952e+00 5.168825663279899834e-24
1.008899999999999908e+00 5.063644015579240920e-24
1.009300000000000086e+00 5.182634011226447882e-24
1.009700000000000042e+00 5.482323546713250421e-24
1.010099999999999998e+00 5.668159345357762505e-24
1.010499999999999954e+00 5.819083471835530580e-24
1.010899999999999910e+00 5.958395187102184989e-24
1.011299999999999866e+00 6.122234399125645875e-24
1.011700000000000044e+00 6.180035920314294116e-24
1.012100000000000000e+00 5.861773970743051629e-24
1.012499999999999956e+00 5.161642344806358640e-24
1.012899999999999912e+00 4.701798304699621413e-24
1.013299999999999867e+00 4.584743710920933151e-24
1.013700000000000045e+00 4.584185421920399546e-24
1.014100000000000001e+00 4.667891552733839360e-24
1.014499999999999957e+00 4.489983457896914010e-24
1.014899999999999913e+00 4.328079647741972558e-24
1.015299999999999869e+00 4.184971567271684496e-24
1.015700000000000047e+00 3.684074675992326998e-24
1.016100000000000003e+00 3.113131124779266568e-24
1.016490000000000116e+00 2.716262083932796330e-24
1.016890000000000072e+00 2.429822607392007132e-24
1.017290000000000028e+00 2.240525416944183026e-24
1.017689999999999984e+00 1.998749060446136185e-24
1.018090000000000162e+00 1.739516867864717705e-24
1.018490000000000117e+00 1.559375617025655916e-24
1.018890000000000073e+00 1.509873992311616261e-24
1.019290000000000029e+00 1.553048341686267351e-24
1.019689999999999985e+00 1.487542432290244899e-24
1.020090000000000163e+00 1.427470535832756143e-24
1.020490000000000119e+00 1.534066515668101657e-24
1.020890000000000075e+00 1.622090081419007040e-24
1.021290000000000031e+00 1.509911211578318501e-24
1.021689999999999987e+00 1.305279683249152842e-24
1.022089999999999943e+00 1.220903605635071417e-24
1.022490000000000121e+00 1.316333805459731618e-24
1.022890000000000077e+00 1.376852333117647809e-24
1.023290000000000033e+00 1.320353486263578346e-24
1.023689999999999989e+00 1.299212942776680143e-24
1.024089999999999945e+00 1.266943838545798684e-24
1.024490000000000123e+00 1.203447769551699596e-24
1.024890000000000079e+00 1.224923286438918328e-24
1.025290000000000035e+00 1.200619105282325843e-24
1.025689999999999991e+00 1.109171366994810497e-24
1.026089999999999947e+00 1.049546101737748991e-24
1.026490000000000125e+00 1.083080661036508274e-24
1.026890000000000081e+00 1.099792111785834371e-24
1.027290000000000036e+00 1.022152721444866888e-24
1.027689999999999992e+00 9.898091786805809484e-25
1.028089999999999948e+00 9.087828350697051908e-25
1.028490000000000126e+00 9.256059436191381925e-25
1.028890000000000082e+00 9.074429414684228871e-25
1.029290000000000038e+00 9.445877696373038864e-25
1.029689999999999994e+00 9.243404885512605530e-25
1.030089999999999950e+00 8.447284770750719471e-25
1.030490000000000128e+00 7.972739120296578959e-25
1.030890000000000084e+00 8.057599048377788773e-25
1.031290000000000040e+00 7.498937855176484172e-25
1.031689999999999996e+00 6.541286122926677778e-25
1.032089999999999952e+00 6.246881723311598872e-25
1.032490000000000130e+00 7.056400774086308886e-25
1.032890000000000086e+00 6.814475540521453083e-25
1.033290000000000042e+00 6.548357783600112618e-25
1.033689999999999998e+00 6.081628179153451752e-25
1.034089999999999954e+00 5.639463290730300706e-25
1.034490000000000132e+00 5.928656993007058625e-25
1.034890000000000088e+00 6.018727618426589427e-25
1.035290000000000044e+00 5.921213139666601382e-25
1.035690000000000000e+00 5.593311400019465800e-25
1.036089999999999955e+00 5.358830019795067240e-25
1.036490000000000133e+00 5.182782888293257578e-25
1.036890000000000089e+00 4.783792349244756704e-25
1.037290000000000045e+00 4.783420156577733383e-25
1.037690000000000001e+00 4.180840228667731048e-25
1.038089999999999957e+00 4.251184642735050616e-25
1.038490000000000135e+00 4.269794276086193723e-25
1.038890000000000091e+00 4.308874506123592871e-25
1.039290000000000047e+00 3.998093629159509408e-25
1.039690000000000003e+00 3.893879682393109843e-25
1.040089999999999959e+00 3.216116835744490733e-25
1.040490000000000137e+00 3.309909387834250157e-25
1.040890000000000093e+00 3.486328712003083600e-25
1.041290000000000049e+00 3.603569402115282421e-25
1.041690000000000005e+00 3.083988438951376967e-25
1.042089999999999961e+00 2.821592608700264205e-25
1.042490000000000139e+00 2.455727217016798062e-25
1.042890000000000095e+00 2.263675800833004409e-25
1.043290000000000051e+00 2.309455498876815994e-25
1.043690000000000007e+00 2.133408367375005413e-25
1.044089999999999963e+00 1.854636059774886946e-25
1.044490000000000141e+00 1.827465995082218469e-25
1.044890000000000096e+00 1.845703435766338255e-25
1.045290000000000052e+00 1.784663838374590011e-25
1.045690000000000008e+00 1.684916203612464792e-25
1.046089999999999964e+00 1.461228410731729005e-25
1.046489999999999920e+00 1.505891530774471774e-25
1.046890000000000098e+00 1.434058346039060527e-25
1.047290000000000054e+00 1.412843364018757844e-25
1.047690000000000010e+00 1.233818691180764596e-25
1.048089999999999966e+00 1.070053917690708236e-25
1.048489999999999922e+00 9.572795395827831871e-26
1.048890000000000100e+00 1.000453888957434392e-25
1.049290000000000056e+00 9.673287415924004650e-26
1.049690000000000012e+00 9.636068149221718436e-26
